999
63 0 0 0 63 0 0 349 211 124 0 687
0 0 983 87 435 0 251 286 0 0 0 252
1099 0 0 0 215 811 0 172 1418 256 0 0
0 0 1105 0 0 0 1668 109 0 63 688 714
113 958 0 762 0 57 0 0 1262 0 340 0
295 28 0 291 492 712 0 0 60 0 0 0
0 0 806 0 0 433 83 150 0 1139 903 0
769 414 762 1295 144 115 0 0 0 0 0 0
207 0 0 0 134 183 0 499 1062 303 0 0
0 1095 702 236 0 0 1311 0 0 0 515 289
0 0 635 0 338 0 141 1201 0 431 0 187
707 780 0 0 414 156 0 0 1642 730 0 0
600 0 0 1288 770 0 0 36 206 0 0 137
0 0 410 0 0 533 345 415 0 1785 447 0
0 0 1160 1786 646 0 566 495 0 0 0 1108
1066 100 0 0 0 128 0 0 1198 158 1586 0
0 16 1491 0 1070 1062 1419 0 0 569 0 0
0 0 0 0 403 80 133 275 1662 728 0 0
1377 220 493 378 0 0 0 0 0 0 1221 1766
0 383 847 640 0 913 990 0 0 0 220 0
1466 76 136 0 682 0 0 0 0 473 0 640
0 0 122 0 0 1178 929 325 0 620 612 0
182 283 0 1440 1048 0 0 0 1809 0 0 1372
0 0 1448 0 241 254 217 937 0 403 0 0
190 102 0 0 0 724 0 0 499 750 30 0
374 570 25 0 25 0 0 0 0 291 0 151
168 956 0 479 0 0 0 0 290 0 364 640
0 0 1022 0 0 1159 1375 1261 0 331 41 0
1273 1426 0 285 0 0 0 0 1284 0 490 949
0 0 1350 0 146 922 718 1765 0 597 0 0
390 813 0 629 293 0 0 0 723 0 0 1137
0 0 0 501 0 0 229 710 545 0 774 353
0 581 702 0 133 1252 223 0 0 701 0 0
294 0 0 0 355 0 0 704 217 608 0 831
781 343 0 1012 385 200 0 0 368 0 0 0
0 776 0 58 0 0 912 0 406 0 197 524
0 0 399 0 77 1515 68 1134 0 710 0 0
67 681 690 98 0 88 0 0 0 0 890 0
0 264 0 0 576 0 163 0 1110 35 0 433
220 0 0 0 1165 0 0 76 213 306 0 215
944 0 1753 0 0 0 0 242 0 146 291 533
0 245 0 1093 0 345 1202 0 961 0 428 0
1284 0 0 0 0 184 0 211 134 498 713 0
0 0 0 0 1108 0 522 234 188 416 0 276
0 1407 470 22 369 0 299 0 0 0 0 494
0 0 0 109 0 1659 185 794 861 0 501 0
0 0 247 1274 0 0 768 382 0 0 403 1095
668 679 0 0 352 782 0 0 334 292 0 0
79 71 1681 0 0 0 0 0 0 407 533 579
0 0 0 591 1058 615 604 1219 1115 0 0 0
463 948 496 0 0 196 0 0 0 400 1270 0
86 0 0 0 0 0 0 994 446 754 299 303
136 1102 5 0 503 55 0 0 0 206 0 0
0 0 140 976 86 0 925 1031 0 0 0 1115
1202 462 0 177 0 16 0 0 119 0 447 0
0 0 133 0 0 660 1312 442 0 1038 122 0
1284 0 443 72 501 142 0 203 0 0 0 0
681 555 0 563 0 0 0 0 1138 0 816 307
0 1167 420 1038 1740 320 923 0 0 0 0 0
804 0 808 0 0 0 0 218 0 1018 812 1080
0 0 0 596 0 285 1607 1566 1232 0 318 0
218 323 578 142 1099 0 0 0 0 0 0 343
0 930 0 0 0 185 409 0 333 249 112 0
764 359 522 0 0 0 0 0 0 1132 1630 178
288 0 636 174 1598 113 0 1110 0 0 0 0
0 770 0 277 0 97 523 0 243 0 238 0
439 0 0 0 547 1264 0 12 597 516 0 0
0 241 0 0 0 0 492 0 615 148 220 778
286 352 587 111 118 918 0 0 0 0 0 0
1022 0 296 348 0 0 0 1639 0 0 178 1571
0 257 0 31 0 1593 332 0 997 0 739 0
0 300 308 680 0 0 299 0 0 0 54 128
0 507 359 0 0 0 615 0 0 689 629 981
0 200 583 0 1306 102 23 0 0 296 0 0
0 0 153 1759 179 0 229 219 0 0 0 777
1081 19 0 0 0 397 0 0 295 1866 983 0
0 0 0 951 472 0 1303 468 775 0 0 6
1239 479 930 0 403 20 0 0 0 483 0 0
0 0 0 0 0 144 1012 1266 219 259 1204 0
812 1548 0 0 1121 783 0 0 488 208 0 0
0 0 0 671 0 0 446 742 242 0 770 929
1003 0 608 882 81 961 0 592 0 0 0 0
0 855 753 0 335 185 1243 0 0 855 0 0
616 224 30 0 325 0 0 0 0 362 0 652
846 0 0 1472 0 0 0 1094 496 0 1396 663
0 1082 309 0 718 1426 170 0 0 825 0 0
0 0 0 0 1122 247 732 1106 1374 299 0 0
0 1400 1769 161 0 0 824 0 0 0 1830 354
1024 0 0 610 46 0 0 594 1575 0 0 494
365 0 0 0 214 0 0 82 198 780 0 812
0 0 489 144 59 1372 569 674 0 0 0 0
0 188 857 801 0 0 473 0 0 0 351 932
0 0 0 0 1012 697 256 451 925 178 0 0
1601 1581 980 317 0 0 0 0 0 0 398 420
0 0 0 0 691 0 1089 828 711 389 0 674
0 0 651 79 314 577 532 379 0 0 0 0
1254 1115 0 0 0 1032 0 0 903 1139 947 0
0 0 923 804 735 0 860 1514 0 0 0 684
472 1821 0 0 0 595 0 0 1004 121 1075 0
0 0 496 730 0 0 698 212 0 0 180 1142
1542 0 0 0 518 526 0 1558 27 1066 0 0
0 1020 0 65 373 0 1318 0 636 0 0 684
0 581 685 0 1 797 287 0 0 236 0 0
0 0 0 93 0 0 147 1112 652 0 826 1253
40 0 643 499 672 1125 0 175 0 0 0 0
1364 1598 582 726 560 0 0 0 0 0 0 682
0 0 0 0 278 0 38 1384 666 510 0 288
0 1299 5 0 28 0 933 0 0 202 0 12
0 0 60 123 0 1035 589 251 0 0 666 0
21 0 905 0 0 672 0 1221 0 70 998 0
336 0 0 690 850 0 0 108 31 0 0 1693
1468 324 0 0 928 1651 0 0 1579 879 0 0
0 681 0 0 0 0 309 0 261 361 1478 1412
0 0 304 479 0 1165 447 58 0 0 291 0
209 229 1267 0 892 0 0 0 0 1035 0 1126
587 0 0 41 0 410 0 971 1505 0 683 0
0 1025 155 0 7 517 455 0 0 143 0 0
0 110 1012 857 1333 0 1255 0 0 0 0 1420
61 199 620 44 0 952 0 0 0 0 1095 0
112 0 0 380 0 458 0 1043 381 0 514 0
0 884 0 0 1326 0 269 0 475 801 0 782
0 0 445 0 0 733 66 1131 0 416 1205 0
98 326 0 517 322 0 0 0 786 0 0 333
56 0 1072 0 603 0 0 362 0 106 0 124
1118 627 0 477 238 896 0 0 1227 0 0 0
263 0 1422 0 537 0 0 54 0 427 0 143
0 832 0 1378 0 0 338 0 178 0 1540 1409
59 0 0 0 785 1398 0 1785 716 571 0 0
307 1494 0 0 0 0 0 0 395 353 348 309
274 0 0 0 779 0 0 50 497 513 0 726
0 129 1405 532 0 0 416 0 0 0 1123 192
0 0 0 0 467 0 825 294 980 653 0 333
0 191 0 289 0 1743 490 0 336 0 931 0
1011 0 439 1248 252 0 0 1327 0 0 0 369
790 1508 685 0 860 0 0 0 0 1028 0 85
0 71 42 142 0 362 1516 0 0 0 319 0
0 20 0 0 891 0 1 0 817 215 0 1062
1325 0 0 0 228 665 0 1291 180 64 0 0
0 0 1042 0 0 0 496 25 0 440 576 651
108 550 281 0 0 0 0 0 0 318 753 117
68 0 174 418 955 136 0 24 0 0 0 0
0 0 0 1488 0 879 1053 902 699 0 112 0
1514 86 766 11 0 0 0 0 0 0 177 1102
0 192 0 0 463 1033 1717 0 743 1876 0 0
1516 449 0 483 0 0 0 0 394 0 1045 235
0 735 648 118 777 0 346 0 0 0 0 1108
0 0 387 0 0 1605 380 1250 0 572 96 0
363 957 0 1304 515 0 0 0 920 0 0 1020
0 0 0 0 0 0 147 461 476 316 694 532
0 742 427 0 0 1143 599 0 0 504 677 0
270 0 275 0 0 0 0 836 0 28 536 827
0 117 0 0 272 906 186 0 698 30 0 0
717 339 208 1104 1606 205 0 0 0 0 0 0
0 0 0 0 0 105 1056 674 618 393 1634 0
0 971 1234 0 1215 0 253 0 0 468 0 122
1496 0 335 0 310 0 0 46 0 520 0 1459
0 0 0 1020 142 1666 332 1180 154 0 0 0
651 586 127 570 0 0 0 0 0 0 1489 1430
0 0 0 0 1452 1066 1708 408 751 435 0 0
842 524 0 0 0 431 0 0 605 27 40 0
327 0 1600 0 0 0 0 516 0 1021 208 24
0 665 0 309 279 0 674 0 325 0 0 1837
0 687 0 0 0 1257 193 0 1388 603 908 0
23 0 369 887 0 0 0 181 0 0 695 515
1005 0 952 830 1579 0 0 1057 0 0 0 99
0 171 0 0 0 1180 293 0 1166 309 1695 0
0 0 685 0 1214 0 14 307 0 345 0 955
0 409 0 233 0 731 438 0 633 0 933 0
1101 849 1273 0 735 0 0 0 0 1181 0 837
0 0 0 612 0 702 1579 1760 1350 0 937 0
604 497 1389 370 625 132 0 0 0 0 0 0
556 1419 0 0 944 0 0 0 1245 24 0 776
445 0 1086 204 0 127 0 1033 0 0 1545 0
0 0 138 578 0 0 945 420 0 0 218 894
0 707 0 0 674 1594 340 0 488 1817 0 0
361 0 0 1297 1117 0 0 83 540 0 0 413
0 0 225 546 0 8 909 666 0 0 1469 0
906 0 0 0 773 0 0 165 185 1095 0 34
0 1379 738 0 666 220 225 0 0 569 0 0
1083 0 0 1584 0 432 0 106 840 0 863 0
0 33 0 0 676 0 681 0 68 612 0 1185
0 209 1353 0 0 462 1159 0 0 625 369 0
645 0 0 1026 0 492 0 1589 998 0 194 0
0 1072 286 0 385 0 116 0 0 14 0 995
0 0 0 0 0 499 482 834 421 957 428 0
1168 1243 1063 0 721 0 0 0 0 103 0 232
187 0 0 343 0 0 0 1271 668 0 780 46
56 162 501 436 0 0 0 0 0 0 513 182
463 416 0 0 934 1040 0 0 106 752 0 0
0 0 38 313 0 0 529 322 0 0 1053 426
0 313 0 938 579 0 863 0 1068 0 0 288
359 0 1274 16 0 0 0 620 0 0 147 54
978 222 0 0 1109 0 0 0 1462 1492 0 911
0 54 1661 1157 0 0 1014 0 0 0 1551 129
341 1353 0 0 114 77 0 0 1542 1239 0 0
22 0 0 1621 270 811 0 705 339 0 0 0
0 0 272 0 833 788 469 1174 0 1346 0 0
883 198 0 386 5 0 0 0 77 0 0 1075
0 99 1371 0 0 0 1580 0 0 427 745 630
1391 1181 0 399 692 991 0 0 1077 0 0 0
482 409 1075 335 0 0 0 0 0 0 440 202
0 0 0 0 250 7 1763 465 850 444 0 0
287 0 8 0 0 0 0 27 0 546 1223 801
763 0 292 1290 1457 1382 0 1404 0 0 0 0
0 0 0 0 0 0 387 79 482 583 86 462
0 224 0 0 0 823 310 0 492 945 567 0
148 1291 147 1429 1069 0 0 0 0 0 0 1362
0 0 358 0 0 336 458 481 0 1438 1382 0
1649 0 0 163 691 21 0 427 342 0 0 0
0 1017 1453 40 0 0 1074 0 0 0 466 491
576 0 0 523 812 1340 0 1630 144 0 0 0
442 837 0 917 0 0 0 0 945 0 1282 1185
56 0 803 0 20 1181 0 727 0 298 0 0
0 1870 0 307 1075 168 1047 0 1249 0 0 0
578 0 1631 0 0 0 0 1899 0 928 758 401
0 0 0 911 1138 0 271 82 498 0 0 430
0 676 0 0 0 0 266 0 348 1127 614 316
271 699 174 101 707 0 0 0 0 0 0 54
0 0 0 54 0 0 454 1357 745 0 1153 405
0 1876 385 0 0 746 394 0 0 182 601 0
1539 0 421 1175 676 775 0 600 0 0 0 0
0 163 0 0 231 0 1103 0 763 365 0 619
5 0 325 0 0 0 0 617 0 918 559 270
1044 0 1144 0 897 1000 0 513 0 121 0 0
0 874 0 1191 0 0 700 0 974 0 128 428
0 0 0 0 571 0 460 393 761 1023 0 641
114 1133 1744 175 0 715 0 0 0 0 296 0
68 0 0 0 0 412 0 1769 1633 273 815 0
1200 543 951 1665 973 0 0 0 0 0 0 681
0 0 0 0 0 0 6 74 837 1661 935 800
0 499 504 0 0 1483 1474 0 0 314 617 0
435 0 0 480 300 0 0 588 393 0 0 714
0 829 0 799 841 0 899 0 244 0 0 820
1635 0 1513 0 0 1315 0 864 0 178 821 0
299 4 0 830 1128 100 0 0 1727 0 0 0
0 0 44 0 321 0 1304 320 0 1306 0 1049
147 214 1212 345 0 480 0 0 0 0 957 0
0 775 471 535 0 0 747 0 0 0 691 1089
291 446 0 0 703 29 0 0 676 1017 0 0
290 0 127 1454 0 1552 0 781 0 0 171 0
423 639 0 0 538 0 0 0 622 761 0 1089
0 0 667 545 263 365 480 884 0 0 0 0
664 571 0 0 133 0 0 0 948 732 0 39
0 518 781 0 0 0 1161 0 0 684 743 831
657 173 0 1202 0 1253 0 0 39 0 309 0
0 0 331 0 0 0 601 1427 0 734 393 1116
808 316 0 467 1373 1069 0 0 1036 0 0 0
0 0 0 0 161 107 556 673 347 411 0 0
261 388 1964 114 23 399 0 0 0 0 0 0
1229 1166 0 0 0 64 0 0 195 834 365 0
0 0 0 22 0 0 400 376 793 0 174 1762
0 473 0 76 398 1037 1292 0 587 0 0 0
1036 234 1363 289 0 251 0 0 0 0 1222 0
0 0 0 0 89 0 204 467 869 520 0 1274
816 0 757 253 839 1774 0 497 0 0 0 0
0 268 0 681 36 0 785 0 1651 0 0 871
892 0 218 0 162 0 0 782 0 716 0 284
0 1386 536 312 0 496 1393 0 0 0 1372 0
0 0 388 0 1379 0 507 275 0 471 0 427
754 0 0 1492 0 0 0 79 344 0 1275 225
0 0 0 0 688 886 293 127 195 1113 0 0
527 0 0 0 347 0 0 1049 149 129 0 1002
0 702 292 538 0 54 785 0 0 0 290 0
0 527 1097 0 0 656 266 0 0 100 990 0
752 0 0 914 1394 0 0 966 125 0 0 627
0 997 0 0 379 706 407 0 388 1132 0 0
0 0 0 0 0 0 292 993 1303 113 818 251
390 0 731 462 0 0 0 353 0 0 17 580
576 1125 522 1116 325 1128 0 0 0 0 0 0
174 0 0 0 0 0 0 686 1120 614 1329 406
0 0 0 0 279 0 22 293 157 821 0 217
0 1467 640 838 1568 1059 660 0 0 0 0 0
0 0 1178 0 0 0 412 61 0 770 1640 493
65 0 0 69 159 0 0 543 1426 0 0 344
1608 33 984 175 532 0 0 0 0 0 0 864
0 281 466 751 0 1511 589 0 0 0 188 0
224 0 0 0 0 88 0 69 849 959 70 0
0 130 685 620 0 0 1100 0 0 0 184 1083
0 0 0 0 0 0 252 1493 280 872 184 667
1287 852 3 439 1104 1511 0 0 0 0 0 0
0 208 195 462 0 0 164 0 0 0 1030 1194
0 0 0 176 227 280 7 989 1469 0 0 0
253 760 0 0 283 939 0 0 26 902 0 0
0 610 304 378 229 0 240 0 0 0 0 893
0 0 1504 109 309 713 1042 1225 0 0 0 0
1765 1337 40 0 0 0 0 0 0 1047 964 85
0 0 0 1827 211 0 591 78 907 0 0 266
378 0 440 0 0 0 0 355 0 539 106 514
0 0 0 0 1387 524 1492 123 703 1083 0 0
487 0 15 1514 0 0 0 64 0 0 1685 1035
736 0 0 0 711 587 0 120 760 11 0 0
382 446 1737 0 0 726 0 0 0 940 874 0
0 0 0 369 1242 0 1746 1380 751 0 0 450
1636 1132 0 134 0 0 0 0 511 0 163 272
231 0 1104 0 0 0 0 236 0 416 788 84
0 0 0 0 536 0 1048 275 414 556 0 499
9 212 0 967 129 154 0 0 230 0 0 0
510 219 0 452 0 1043 0 0 619 0 709 0
0 757 448 37 0 0 828 0 0 0 134 1008
130 0 161 0 1181 260 0 1055 0 239 0 0
1013 47 0 0 381 0 0 0 825 1054 0 260
0 608 1568 1495 0 1064 1034 0 0 0 1569 0
0 0 0 0 840 0 40 475 982 220 0 388
166 0 311 151 0 169 0 460 0 0 1063 0
0 0 0 0 1389 0 553 12 752 1095 0 879
49 489 1002 484 0 263 0 0 0 0 458 0
334 945 0 653 443 403 0 0 654 0 0 0
527 0 1326 0 157 0 0 1281 0 284 0 386
0 533 0 20 0 951 1113 0 892 0 1120 0
1920 72 231 0 1017 0 0 0 0 112 0 472
0 727 0 353 314 297 1449 0 213 0 0 0
200 0 695 0 0 0 0 1350 0 445 340 43
153 471 73 0 53 0 0 0 0 866 0 504
678 0 0 0 18 1043 0 52 720 194 0 0
273 675 0 33 0 0 0 0 987 0 309 1275
27 0 1426 0 570 348 0 1443 0 46 0 0
0 352 0 364 89 690 634 0 1236 0 0 0
0 1207 0 0 0 0 700 0 149 620 788 782
1019 0 1155 1213 502 0 0 1007 0 0 0 296
0 641 0 0 168 1237 557 0 213 1220 0 0
771 0 167 1609 0 242 0 1102 0 0 1605 0
0 1146 0 118 386 0 1633 0 850 0 0 371
1234 0 937 0 448 0 0 355 0 587 0 950
537 0 0 0 1032 575 0 930 911 49 0 0
0 1364 949 0 0 0 1480 0 0 1043 1509 589
1415 0 0 0 845 1068 0 1597 913 72 0 0
134 1910 954 170 0 269 0 0 0 0 1230 0
0 0 450 438 45 0 1207 531 0 0 0 403
298 0 0 528 582 0 0 840 1840 0 0 783
97 0 277 544 0 457 0 506 0 0 455 0
724 100 150 0 142 0 0 0 0 51 0 89
0 1254 0 0 1354 0 500 0 417 1314 0 803
0 566 562 219 0 891 1119 0 0 0 293 0
1326 0 647 320 0 0 0 1648 0 0 815 935
251 1592 689 0 974 940 0 0 0 290 0 0
0 0 0 772 18 338 433 1374 1420 0 0 0
0 399 278 327 24 0 30 0 0 0 0 773
0 516 0 0 0 0 1216 0 373 610 916 391
395 364 1389 0 889 0 0 0 0 402 0 176
171 0 0 980 0 57 0 519 1567 0 1547 0
883 0 838 0 1437 0 0 1111 0 693 0 271
0 1489 40 0 393 701 53 0 0 609 0 0
274 0 0 1068 0 1064 0 114 291 0 1182 0
0 0 707 0 809 198 247 1020 0 1029 0 0
0 1065 0 320 0 0 1123 0 706 0 650 1115
160 0 0 215 0 50 0 888 636 0 640 0
956 1017 1379 0 995 344 0 0 0 101 0 0
198 0 0 837 0 0 0 277 278 0 178 376
0 0 0 0 867 0 571 973 1033 209 0 457
307 1321 1622 0 0 925 0 0 0 934 276 0
427 0 0 1113 80 0 0 549 1903 0 0 346
0 695 1236 0 0 463 197 0 0 1682 744 0
0 0 0 1201 0 0 767 597 708 0 894 1391
854 0 0 0 712 728 0 314 301 131 0 0
0 0 908 824 1057 0 758 914 0 0 0 220
0 1105 0 0 0 925 477 0 1025 1324 616 0
345 646 1463 557 435 0 0 0 0 0 0 1103
0 0 0 0 0 860 758 1858 12 59 963 0
60 338 51 0 1021 0 0 0 0 1033 0 535
472 384 0 179 209 0 0 0 855 0 0 32
66 104 0 1660 0 52 0 0 283 0 925 0
0 19 716 0 0 944 124 0 0 410 314 0
0 560 107 0 1114 0 454 0 0 1096 0 1368
759 0 19 71 0 1659 0 1234 0 0 1275 0
435 534 0 1271 0 0 0 0 547 0 543 43
0 0 0 0 48 0 300 589 75 236 0 355
0 1656 0 332 1100 0 873 0 298 0 0 713
727 0 537 0 201 990 0 990 0 36 0 0
0 820 123 0 0 0 733 0 0 921 53 736
0 322 548 0 0 0 162 0 0 861 14 147
864 0 0 338 0 520 0 605 875 0 563 0
84 262 1115 976 781 424 0 0 0 0 0 0
0 0 0 0 0 0 568 200 487 605 848 411
0 29 80 473 376 0 171 0 0 0 0 874
99 0 0 0 65 0 0 80 419 597 0 334
0 0 0 0 133 155 152 1263 649 162 0 0
56 421 482 181 0 1085 0 0 0 0 34 0
1163 343 47 0 0 0 0 0 0 101 931 333
0 282 415 1207 0 743 322 0 0 0 95 0
703 0 474 0 817 0 0 771 0 685 0 809
0 1328 0 549 949 405 1077 0 223 0 0 0
1201 0 343 0 0 0 0 417 0 1237 518 853
0 0 0 1272 0 0 1150 193 1122 0 526 194
610 33 0 0 0 0 0 0 796 467 457 259
150 398 145 74 1457 1627 0 0 0 0 0 0
172 0 623 0 0 0 0 954 0 256 1428 521
0 1114 0 765 1369 0 742 0 20 0 0 1286
0 0 0 0 0 684 84 1097 732 1387 681 0
593 770 1306 0 0 731 0 0 0 209 174 0
0 0 0 1325 0 0 596 307 1186 0 69 1394
0 904 396 359 0 1329 760 0 0 0 240 0
1656 0 1176 60 0 0 0 1369 0 0 284 42
0 0 0 0 0 0 1024 190 88 198 57 1263
1061 0 0 0 1507 43 0 173 357 297 0 0
0 39 0 0 0 37 936 0 417 1369 1365 0
448 1705 0 1050 961 1147 0 0 322 0 0 0
380 0 982 0 0 0 0 1359 0 1065 1427 1223
0 1115 0 818 590 613 310 0 85 0 0 0
0 0 0 0 897 0 247 1103 775 707 0 532
0 0 1046 1071 64 1693 1138 139 0 0 0 0
1947 1414 125 0 0 0 0 0 0 454 1308 143
0 18 0 0 742 0 1716 0 91 381 0 1324
59 0 0 0 0 955 0 1036 1667 70 679 0
157 0 0 1189 1043 570 0 90 52 0 0 0
50 0 218 15 251 0 0 365 0 0 0 1884
1055 0 1695 448 0 1474 0 164 0 0 906 0
0 1708 0 0 600 0 1253 0 643 1876 0 730
663 0 224 1259 0 915 0 111 0 0 833 0
426 0 0 0 190 0 0 194 538 290 0 833
0 0 816 73 0 136 924 792 0 0 520 0
855 0 0 440 0 113 0 106 965 0 25 0
0 481 816 0 1363 0 776 0 0 500 0 567
679 0 0 541 0 320 0 726 181 0 675 0
718 327 416 0 888 811 0 0 0 1337 0 0
0 0 0 795 0 0 256 258 183 0 118 750
200 862 0 0 85 797 0 0 548 748 0 0
18 0 0 439 0 0 0 756 477 0 506 63
0 857 67 0 719 0 831 0 0 434 0 1017
449 0 0 1190 0 1179 0 384 149 0 1703 0
0 849 849 209 69 0 1052 0 0 0 0 1585
0 0 0 260 1017 224 224 1238 6 0 0 0
0 1133 0 0 280 0 212 0 1103 544 0 413
1468 0 323 10 0 771 0 534 0 0 214 0
0 0 173 0 134 0 426 143 0 897 0 657
0 583 571 988 530 985 266 0 0 0 0 0
229 0 96 0 0 0 0 954 0 1181 1234 919
0 0 0 1001 836 332 1043 392 158 0 0 0
1607 1367 0 281 0 0 0 0 879 0 54 240
0 0 718 0 0 1304 739 920 0 1272 590 0
910 308 0 1036 0 0 0 0 457 0 454 769
0 0 877 0 1357 206 1165 1130 0 672 0 0
0 780 0 45 0 462 316 0 408 0 539 0
1130 0 624 1025 0 28 0 110 0 0 586 0
296 854 108 0 0 0 0 0 0 1185 567 881
222 304 0 451 795 1225 0 0 1180 0 0 0
0 0 0 855 0 0 1084 1767 140 0 551 1282
0 1640 0 0 124 0 219 0 502 450 0 162
439 0 1845 0 1155 866 0 1202 0 833 0 0
0 644 0 0 0 0 246 0 1668 143 410 683
468 612 1185 772 0 270 0 0 0 0 1032 0
532 0 0 0 724 1037 0 1456 489 391 0 0
0 1454 0 0 0 0 1781 0 230 253 493 658
1144 0 293 0 595 0 0 1620 0 358 0 1049
0 1049 0 1249 677 1598 641 0 34 0 0 0
1388 686 0 0 0 0 0 0 797 632 244 1403
0 0 1487 687 0 1471 870 1902 0 0 267 0
0 1848 0 0 0 0 428 0 108 1168 439 1328
0 0 0 344 0 448 274 146 533 0 110 0
1461 0 469 551 1267 0 0 346 0 0 0 431
0 0 0 678 0 1004 252 722 1027 0 1630 0
0 1234 0 0 1487 0 1265 0 167 1135 0 505
188 0 1653 504 145 644 0 1075 0 0 0 0
788 0 0 0 0 0 0 195 1702 627 26 64
109 0 1210 878 0 0 0 63 0 0 779 212
0 0 0 0 0 224 330 329 599 288 997 0
611 573 0 333 1606 0 0 0 262 0 0 1541
0 792 380 0 0 0 317 0 0 816 60 115
0 0 0 123 121 1897 907 708 995 0 0 0
8 981 1076 0 0 0 0 0 0 19 685 1057
1038 0 426 0 0 0 0 121 0 846 492 154
0 0 0 238 0 563 331 1318 346 0 84 0
449 785 0 928 983 0 0 0 134 0 0 1028
0 0 30 0 335 1097 44 1003 0 1064 0 0
0 517 0 117 0 0 712 0 509 0 1302 1004
0 457 0 0 398 0 495 0 382 181 0 175
1347 0 601 1124 0 1773 0 178 0 0 102 0
0 0 0 0 149 0 409 681 118 1103 0 413
619 638 899 1395 878 372 0 0 0 0 0 0
0 0 0 0 0 0 1378 968 422 1056 763 1692
702 1189 0 1035 446 260 0 0 1007 0 0 0
0 0 394 0 0 432 176 266 0 1016 1093 0
865 538 776 360 864 1067 0 0 0 0 0 0
0 0 345 0 0 0 972 386 0 378 910 1770
0 0 0 0 0 1673 974 795 935 359 419 0
1343 0 1247 720 1126 0 0 82 0 0 0 1370
597 1588 0 0 37 422 0 0 429 385 0 0
0 0 0 55 0 357 1721 1188 1238 0 93 0
293 816 1686 305 0 294 0 0 0 0 528 0
80 0 0 0 688 0 0 34 771 40 0 327
931 49 0 1063 0 551 0 0 112 0 98 0
0 0 582 0 565 0 530 902 0 118 0 1427
823 1382 0 0 0 1218 0 0 1281 1622 732 0
0 0 1015 800 444 0 1132 1105 0 0 0 866
146 1004 0 393 0 0 0 0 97 0 994 275
722 0 0 0 777 0 0 1317 951 568 0 133
0 0 267 935 0 1527 358 40 0 0 1055 0
264 656 0 0 515 0 0 0 322 695 0 1448
127 0 1053 0 1126 907 0 4 0 394 0 0
0 211 0 697 0 0 73 0 739 0 435 1061
163 0 527 429 306 157 0 714 0 0 0 0
0 1052 0 164 0 732 581 0 202 0 982 0
0 0 362 0 1131 415 28 1461 0 633 0 0
227 775 0 357 0 0 0 0 436 0 1681 758
324 0 0 0 1250 0 0 960 220 207 0 84
0 560 1008 0 0 992 725 0 0 943 343 0
0 994 0 681 0 0 84 0 1164 0 1027 1269
0 0 1330 0 1884 131 306 1126 0 57 0 0
1454 1464 0 0 0 0 0 0 354 442 436 195
0 0 0 1168 0 743 697 711 1297 0 234 0
0 535 1801 0 0 0 367 0 0 1349 47 65
638 0 0 1476 0 0 0 156 456 0 268 780
0 0 0 0 810 808 1436 1332 1354 894 0 0
110 1636 1270 515 53 854 0 0 0 0 0 0
252 0 0 0 0 0 0 813 1337 954 1032 1604
1099 0 601 712 0 362 0 537 0 0 441 0
0 239 0 200 357 134 407 0 576 0 0 0
0 0 1304 0 0 0 292 772 0 855 511 703
0 1473 398 0 37 513 533 0 0 167 0 0
0 0 0 537 959 0 199 537 1536 0 0 288
511 497 868 0 0 0 0 0 0 114 868 128
355 0 645 275 1036 93 0 370 0 0 0 0
0 0 0 0 633 1232 331 538 51 752 0 0
0 0 230 752 0 0 464 262 0 0 720 828
1208 1426 0 0 0 1180 0 0 920 471 1084 0
0 183 771 1 1537 0 432 0 0 0 0 1808
0 0 160 855 0 633 153 1698 0 0 1528 0
0 739 0 118 0 0 58 0 265 0 123 719
760 1042 0 11 315 1221 0 0 1054 0 0 0
0 0 818 0 482 0 159 685 0 587 0 869
0 0 0 0 229 1197 422 353 920 502 0 0
97 0 637 915 541 0 0 151 0 0 0 1356
881 354 665 0 0 1716 0 0 0 1205 102 0
0 0 6 126 0 0 108 386 0 0 808 1643
0 0 0 375 978 684 662 77 95 0 0 0
0 318 0 432 0 762 200 0 702 0 1401 0
0 0 0 347 0 207 11 542 971 0 36 0
0 1495 976 0 90 0 774 0 0 946 0 1630
190 0 0 0 369 326 0 560 884 519 0 0
0 0 529 518 1233 815 333 1320 0 0 0 0
1015 725 1099 0 0 0 0 0 0 526 740 32
302 70 0 1379 0 0 0 0 1373 0 867 217
230 0 165 493 468 0 0 158 0 0 0 612
102 827 1110 0 43 960 0 0 0 1444 0 0
0 360 0 148 243 0 792 0 1120 0 0 48
674 108 370 0 729 0 0 0 0 128 0 650
359 0 1005 672 0 0 0 1249 0 0 1666 305
0 522 0 508 145 1001 887 0 1416 0 0 0
0 430 286 0 0 0 674 0 0 605 226 90
450 0 431 21 1698 0 0 365 0 0 0 264
0 0 0 0 0 0 737 1086 14 1122 285 913
1490 508 0 557 0 486 0 0 892 0 188 0
343 1125 329 871 0 0 0 0 0 0 667 84
0 0 13 305 961 381 1603 999 0 0 0 0
152 511 0 0 0 253 0 0 512 315 1149 0
584 309 517 0 0 37 0 0 0 1096 143 0
521 0 807 1234 1460 0 0 304 0 0 0 311
0 0 223 0 0 732 1213 775 0 985 293 0
0 371 0 686 0 0 213 0 1336 0 1245 472
608 0 1204 0 695 0 0 680 0 553 0 510
0 1535 33 0 0 423 283 0 0 246 572 0
816 0 0 1125 1160 521 0 1072 187 0 0 0
0 261 281 0 211 0 843 0 0 1383 0 1118
194 0 0 1073 0 0 0 358 1125 0 316 488
574 289 955 194 369 62 0 0 0 0 0 0
0 0 341 12 0 488 1179 100 0 0 370 0
909 0 0 129 0 348 0 723 1649 0 873 0
997 816 951 0 823 0 0 0 0 17 0 235
0 1017 0 0 501 0 555 0 1027 1327 0 362
0 0 1135 557 0 302 609 1385 0 0 1214 0
993 643 59 915 1250 1012 0 0 0 0 0 0
46 0 384 0 0 0 0 817 0 120 146 522
0 0 0 185 0 0 177 75 83 0 1541 1081
0 335 0 0 908 1409 1523 0 1498 1670 0 0
1081 929 505 346 693 268 0 0 0 0 0 0
596 0 962 1255 0 0 0 757 0 0 1560 1337
0 1126 0 0 877 587 915 0 813 192 0 0
13 0 732 0 562 0 0 416 0 831 0 702
65 0 0 0 0 1477 0 65 406 331 285 0
0 0 0 1474 68 0 258 135 889 0 0 1773
737 0 1378 0 341 730 0 50 0 1142 0 0
94 0 0 0 0 0 0 266 970 685 358 168
0 933 619 1519 0 592 445 0 0 0 784 0
0 0 633 0 800 0 62 1924 0 956 0 8
0 0 0 522 0 11 289 36 1372 0 259 0
942 1072 275 0 253 0 0 0 0 189 0 728
345 0 0 0 156 827 0 85 549 653 0 0
0 698 899 85 345 0 1481 0 0 0 0 494
1369 0 0 807 0 746 0 974 402 0 494 0
0 0 0 0 78 0 692 585 664 82 0 1389
558 315 0 0 0 666 0 0 23 335 133 0
0 966 1423 731 592 0 1646 0 0 0 0 82
1473 0 454 372 0 0 0 1281 0 0 1475 661
0 0 0 0 1109 1378 937 86 936 921 0 0
205 557 945 195 0 0 0 0 0 0 768 630
524 982 0 0 482 776 0 0 807 414 0 0
0 0 0 0 328 0 711 444 445 106 0 37
0 0 547 0 0 0 388 764 0 516 631 649
1040 1337 0 71 0 0 0 0 107 0 340 35
153 0 0 1359 1326 588 0 657 662 0 0 0
453 465 540 0 0 0 0 0 0 910 1859 81
0 178 381 0 625 487 1093 0 0 80 0 0
0 0 241 696 0 0 655 919 0 0 702 172
817 882 0 269 850 0 0 0 163 0 0 1208
0 88 0 107 41 817 506 0 440 0 0 0
1442 0 0 0 34 0 0 542 457 381 0 122
0 0 293 339 0 223 356 878 0 0 843 0
105 1368 765 0 589 0 0 0 0 1547 0 648
0 120 0 23 933 0 1520 0 1301 0 0 711
816 0 1223 996 0 1353 0 913 0 0 1374 0
281 496 0 0 1368 0 0 0 66 219 0 913
618 0 0 605 0 616 0 989 573 0 786 0
0 1489 0 0 554 0 1611 0 786 566 0 176
225 0 0 1109 138 0 0 1483 84 0 0 124
1205 0 748 0 0 500 0 53 0 246 724 0
0 1111 747 0 722 564 167 0 0 1585 0 0
406 375 0 1640 0 14 0 0 1513 0 1147 0
0 0 873 0 878 0 1786 1408 0 1657 0 1251
681 0 0 174 0 1102 0 230 451 0 331 0
349 1243 1391 852 984 0 0 0 0 0 0 615
599 0 0 550 0 0 0 362 517 0 752 723
0 0 147 216 0 0 1282 0 0 0 473 234
1344 0 0 0 0 495 0 330 978 1233 237 0
0 0 666 0 304 0 741 80 0 109 0 300
0 0 467 1209 0 1059 213 78 0 0 636 0
21 1150 0 0 1178 0 0 0 615 613 0 1002
101 0 0 0 0 294 0 792 624 839 1173 0
0 0 1222 917 1495 706 821 50 0 0 0 0
1812 0 0 69 0 0 0 855 125 0 371 502
0 55 0 0 364 0 1237 0 80 1041 0 0
1218 554 0 0 16 403 0 0 1328 137 0 0
0 615 1229 1124 0 0 1405 0 0 0 612 962
227 684 0 0 692 1563 0 0 653 259 0 0
159 0 729 886 0 0 0 486 0 0 1177 502
0 0 398 0 450 40 879 1056 0 200 0 0
1802 625 0 0 301 0 0 0 1238 58 0 1467
0 0 73 0 0 1053 579 323 0 808 1306 0
270 1185 904 0 878 582 0 0 0 817 0 0
0 0 0 1638 69 0 163 297 1513 0 0 538
0 0 1863 0 856 0 362 321 0 1034 0 588
0 476 0 313 0 890 846 0 1909 0 708 0
184 0 127 0 0 0 0 312 0 597 230 1285
0 0 1561 63 0 1052 111 666 0 0 677 0
0 0 0 59 0 0 66 361 768 0 50 1129
0 809 0 982 895 0 154 0 863 0 0 55
203 0 656 0 0 427 0 99 0 6 464 0
231 0 147 0 0 875 0 716 0 1137 120 0
759 398 0 541 0 395 0 0 178 0 21 0
0 403 0 962 0 0 692 0 448 0 212 1548
565 526 1166 0 1495 1133 0 0 0 195 0 0
297 0 0 196 0 0 0 309 891 0 692 492
0 0 892 0 0 876 167 346 0 26 513 0
0 0 575 0 508 0 747 226 0 31 0 1022
773 691 0 0 183 0 0 0 149 218 0 91
0 325 0 0 0 1270 286 0 20 1273 118 0
0 0 0 0 0 0 229 1035 268 179 633 1658
0 0 0 42 1323 830 204 9 1162 0 0 0
810 1085 793 1075 0 0 0 0 0 0 828 939
0 0 327 616 0 1379 516 265 0 0 281 0
930 0 0 0 883 0 0 1344 1087 1540 0 216
0 433 0 1582 0 0 1267 0 215 0 1327 1107
1 790 236 0 0 1381 0 0 0 1034 170 0
627 0 68 0 1538 0 0 931 0 445 0 1013
0 0 1166 122 0 1227 1020 86 0 0 687 0
1713 1275 0 1237 747 0 0 0 1648 0 0 198
0 0 38 0 0 0 935 644 0 962 1021 1065
0 156 514 0 753 495 608 0 0 637 0 0
554 665 629 913 0 686 0 0 0 0 866 0
0 0 64 545 1458 0 334 1369 0 0 0 148
1218 457 0 238 0 0 0 0 743 0 1422 958
0 63 399 0 275 607 994 0 0 1804 0 0
681 0 577 1097 0 0 0 286 0 0 485 869
83 1155 0 0 1458 0 0 0 894 936 0 242
105 0 295 1572 0 1559 0 1811 0 0 120 0
391 1373 234 0 0 0 0 0 0 507 674 900
0 343 587 378 0 0 921 0 0 0 587 318
0 0 0 269 0 677 648 1757 885 0 173 0
0 465 0 0 1246 0 228 0 444 1790 0 978
1063 1169 1090 33 0 1220 0 0 0 0 15 0
0 0 0 1757 0 0 596 1122 1 0 996 1154
0 1028 113 0 913 1628 31 0 0 314 0 0
0 20 97 312 185 0 533 0 0 0 0 1367
551 0 0 0 0 588 0 239 316 1100 815 0
0 0 439 0 0 0 387 1444 0 166 148 455
642 1720 0 903 0 156 0 0 1077 0 8 0
308 0 274 0 654 1293 0 1038 0 89 0 0
2 806 0 0 0 0 0 0 271 437 960 144
625 0 1132 298 502 0 0 427 0 0 0 684
0 0 0 0 0 0 1650 640 1503 1051 769 773
1509 119 808 462 1735 527 0 0 0 0 0 0
0 937 0 0 0 0 269 0 444 28 1440 827
0 0 1036 0 918 311 481 579 0 251 0 0
117 0 0 258 0 419 0 612 1401 0 188 0
302 288 1031 1024 727 0 0 0 0 0 0 27
0 1186 94 0 0 470 830 0 0 23 1387 0
0 0 0 0 508 291 147 839 1 443 0 0
573 445 276 582 416 0 0 0 0 0 0 1476
75 0 16 0 167 1328 0 1352 0 454 0 0
0 378 0 0 0 153 162 0 51 1144 706 0
834 1022 0 960 1127 0 0 0 576 0 0 1231
0 387 0 0 0 1647 138 0 1073 444 818 0
0 0 1528 0 172 0 548 1395 0 480 0 328
893 346 0 142 0 0 0 0 1537 0 1199 1333
0 559 665 0 645 1006 1244 0 0 48 0 0
0 0 688 1519 0 0 429 1011 0 0 586 1036
1312 221 142 0 1278 655 0 0 0 1439 0 0
0 952 0 854 159 382 387 0 333 0 0 0
0 210 0 0 0 0 216 0 283 515 1148 296
648 0 0 415 1094 0 0 849 692 0 0 251
0 0 230 0 0 0 796 32 0 1011 1310 70
0 481 568 1565 1242 994 74 0 0 0 0 0
488 442 0 0 0 0 0 0 977 816 717 1558
0 0 456 821 1158 0 651 1257 0 0 0 87
504 0 0 0 0 191 0 425 380 1370 688 0
0 200 1659 0 775 1527 731 0 0 113 0 0
392 414 0 771 0 82 0 0 223 0 464 0
1117 549 0 0 34 0 0 0 1043 857 0 1497
0 0 1081 1098 220 1009 1510 532 0 0 0 0
1457 0 0 0 0 0 0 614 564 1221 906 657
0 1808 0 1754 90 715 1121 0 796 0 0 0
0 0 194 0 0 0 363 1188 0 1094 636 213
920 1004 0 0 0 0 0 0 298 564 289 155
0 0 841 1770 810 201 1224 211 0 0 0 0
324 0 0 0 0 530 0 586 314 1133 544 0
333 74 154 1137 646 0 0 0 0 0 0 1588
0 0 289 0 943 367 319 700 0 52 0 0
1329 1003 0 0 0 485 0 0 1072 53 1627 0
0 0 1758 0 975 0 1315 1117 0 1167 0 666
520 1713 0 0 309 673 0 0 449 285 0 0
0 0 0 1593 0 0 141 767 1285 0 207 76
987 0 1471 0 0 854 0 373 0 534 165 0
0 0 0 0 295 0 96 307 39 879 0 706
0 161 0 706 0 0 1543 0 602 0 825 1083
190 0 0 341 78 889 0 179 107 0 0 0
380 0 742 0 1102 0 0 153 0 590 0 166
165 1351 0 0 0 396 0 0 1136 438 203 0
754 283 981 1203 0 0 0 0 0 0 1350 1137
110 0 0 0 811 737 0 1481 861 1376 0 0
0 1415 196 865 0 0 1182 0 0 0 305 396
176 0 206 0 0 0 0 1704 0 924 439 104
407 1294 0 796 1240 0 0 0 365 0 0 9
499 139 0 0 0 1331 0 0 296 790 1043 0
0 0 1349 1044 0 0 11 1150 0 0 173 847
0 0 0 0 0 1139 565 222 770 1321 206 0
808 509 0 656 986 7 0 0 121 0 0 0
0 308 0 0 509 0 228 0 235 203 0 720
384 915 1097 0 0 454 0 0 0 474 997 0
0 0 0 1293 619 0 710 710 1271 0 0 491
41 390 888 0 668 0 0 0 0 301 0 345
0 0 0 801 0 0 986 879 883 0 990 272
272 1185 959 0 9 79 0 0 0 300 0 0
179 0 0 126 0 0 0 234 245 0 490 82
0 0 0 0 0 0 116 934 1030 581 376 417
674 61 932 189 383 1029 0 0 0 0 0 0
0 0 180 0 882 287 949 124 0 884 0 0
0 0 0 1426 96 0 176 471 994 0 0 711
1011 1564 870 0 0 232 0 0 0 324 1272 0
0 0 74 0 0 916 84 1453 0 1509 114 0
0 1335 0 1143 1733 0 225 0 872 0 0 905
0 0 77 0 0 387 269 1112 0 366 1671 0
307 0 145 1082 1783 0 0 200 0 0 0 1239
0 1235 531 0 0 835 749 0 0 581 12 0
1382 0 329 0 0 86 0 1472 0 443 858 0
0 1015 0 0 0 0 986 0 607 650 514 312
1147 0 1059 107 208 0 0 205 0 0 0 211
0 0 0 0 1095 581 522 825 766 227 0 0
0 232 868 1602 0 0 966 0 0 0 103 771
973 0 55 0 0 0 0 229 0 970 563 172
0 987 0 0 0 715 176 0 544 686 931 0
0 0 0 659 414 0 813 212 1288 0 0 113
0 0 1915 0 350 0 170 808 0 392 0 36
959 25 0 76 0 677 0 0 378 0 362 0
133 1169 0 484 0 60 0 0 782 0 503 0
0 0 0 876 1631 0 487 913 423 0 0 810
35 72 1256 0 0 436 0 0 0 987 1013 0
5 1508 0 209 0 0 0 0 500 0 570 394
617 0 509 101 1485 185 0 1898 0 0 0 0
407 412 0 281 0 0 0 0 635 0 1293 195
0 1041 350 0 1182 262 884 0 0 153 0 0
0 0 0 0 269 0 141 558 351 37 0 780
1250 570 904 0 0 905 0 0 0 70 555 0
0 0 0 0 0 122 518 1024 254 1030 995 0
77 1163 0 1817 1533 0 0 0 1224 0 0 942
336 0 417 0 0 125 0 521 0 1020 743 0
0 28 761 759 0 37 79 0 0 0 6 0
0 856 0 0 0 1632 1486 0 448 1343 570 0
255 0 0 1448 553 0 0 177 713 0 0 1463
0 0 1462 36 0 0 446 265 0 0 936 197
1529 0 0 0 968 982 0 1264 1416 1054 0 0
333 670 0 0 0 197 0 0 190 115 684 0
45 533 1047 847 148 0 0 0 0 0 0 341
0 344 0 0 1177 0 1280 0 469 715 0 996
940 0 0 0 0 564 0 77 838 659 310 0
0 0 1883 880 460 941 1655 943 0 0 0 0
66 439 0 0 0 0 0 0 903 772 783 951
337 0 0 1309 716 204 0 932 471 0 0 0
0 376 438 0 0 8 355 0 0 289 728 0
53 508 702 0 0 749 0 0 0 408 474 0
1495 764 0 0 484 34 0 0 1319 740 0 0
0 0 1500 1254 11 0 612 407 0 0 0 809
14 0 0 0 0 0 0 530 1900 692 449 373
431 621 1484 712 745 1032 0 0 0 0 0 0
24 348 0 0 0 0 0 0 184 887 1347 840
0 0 0 585 1913 603 1338 1692 579 0 0 0
1697 679 0 0 0 0 0 0 520 793 568 1307
0 208 1064 223 0 1955 1657 0 0 0 263 0
318 80 0 1027 289 0 0 0 717 0 0 725
1206 0 361 0 0 0 0 1247 0 546 1261 636
0 706 0 0 1214 0 229 0 502 780 0 611
393 1136 421 1231 0 244 0 0 0 0 417 0
0 0 0 500 0 795 506 1039 631 0 656 0
82 949 1144 0 615 0 0 0 0 1332 0 978
0 0 223 0 428 1166 852 112 0 133 0 0
0 11 0 647 1 446 283 0 874 0 0 0
441 0 0 873 0 0 0 72 664 0 1282 342
994 0 1350 0 1444 0 0 349 0 1282 0 875
0 17 0 0 155 910 826 0 1136 162 0 0
410 605 1595 792 0 470 0 0 0 0 1083 0
576 0 0 430 174 0 0 1347 1280 0 0 409
0 544 0 0 311 0 1124 0 372 1653 0 729
1022 0 18 18 0 1064 0 808 0 0 472 0
0 0 969 482 1232 0 1579 173 0 0 0 527
1689 1527 0 0 0 0 0 0 947 142 1246 1022
0 0 999 1194 0 383 1179 366 0 0 95 0
436 385 667 0 0 0 0 0 0 469 309 589
0 0 0 0 892 1682 265 1478 318 696 0 0
0 65 0 0 0 0 853 0 64 338 261 465
53 1436 0 727 928 0 0 0 497 0 0 614
1053 160 0 0 0 0 0 0 1006 609 1185 56
0 0 1528 982 77 734 244 1091 0 0 0 0
0 466 0 0 157 74 846 0 778 1087 0 0
1682 0 608 345 0 614 0 110 0 0 255 0
0 0 349 432 272 0 774 1067 0 0 0 1106
451 1657 0 241 442 0 0 0 177 0 0 100
0 0 109 0 346 326 1255 989 0 1082 0 0
1699 299 0 840 0 0 0 0 1373 0 1052 1043
0 0 181 676 471 1424 994 769 0 0 0 0
986 827 391 263 458 445 0 0 0 0 0 0
0 0 0 0 0 0 1702 821 651 1733 1131 1245
926 0 53 1885 343 93 0 87 0 0 0 0
490 98 1549 0 0 341 0 0 0 128 113 0
0 286 0 0 0 503 206 0 829 1416 286 0
0 1269 0 1163 1521 0 224 0 148 0 0 1454
0 0 0 0 0 467 791 990 418 1504 793 0
995 1001 0 1128 259 0 0 0 2 0 0 11
663 0 488 310 0 590 0 159 0 0 934 0
0 0 399 260 0 196 860 215 0 0 160 0
0 0 0 0 644 0 436 327 54 710 0 1207
1050 185 0 0 508 1227 0 0 755 736 0 0
0 0 1078 1186 202 183 1687 145 0 0 0 0
1233 349 0 0 131 0 0 0 848 271 0 153
333 0 690 147 0 158 0 1291 0 0 1251 0
49 753 0 0 278 0 0 0 142 1075 0 755
0 0 703 1115 0 343 1451 348 0 0 235 0
243 1228 0 191 0 0 0 0 5 0 146 1027
0 0 0 0 0 1742 79 1800 1342 492 192 0
684 577 226 308 875 0 0 0 0 0 0 1900
555 862 0 0 0 257 0 0 296 303 909 0
0 0 846 0 1939 0 300 994 0 916 0 8
0 375 0 0 0 692 369 0 123 155 836 0
876 827 483 200 213 905 0 0 0 0 0 0
0 0 0 1367 27 0 967 216 925 0 0 484
61 172 0 226 341 0 0 0 520 0 0 458
0 0 1172 0 0 783 240 233 0 577 754 0
373 0 0 303 0 0 0 418 418 0 32 1084
92 799 0 0 114 58 0 0 208 324 0 0
0 0 0 0 0 280 166 787 55 178 857 0
0 156 0 0 133 1002 856 0 23 950 0 0
360 0 0 253 21 0 0 292 200 0 0 1506
1254 864 0 1313 545 64 0 0 44 0 0 0
0 0 286 174 922 1376 924 86 0 0 0 0
605 285 0 0 0 0 0 0 704 1745 1327 1423
0 51 1224 0 0 640 1367 0 0 10 82 0
98 0 0 1269 1085 0 0 1545 127 0 0 300
200 1484 0 94 0 493 0 0 155 0 1327 0
1287 59 819 0 1246 306 0 0 0 42 0 0
0 0 0 0 0 112 294 490 1052 304 1320 0
0 257 0 0 0 0 592 0 759 231 84 343
0 0 382 58 1568 0 290 1220 0 0 0 208
893 1307 1421 457 0 0 0 0 0 0 84 504
108 0 0 0 0 0 0 1660 1455 899 324 262
0 1227 0 1327 277 1076 1154 0 161 0 0 0
1234 0 23 0 295 186 0 1135 0 978 0 0
0 1395 119 0 0 0 44 0 0 578 1702 416
0 0 1273 804 804 0 1164 1025 0 0 0 731
1291 15 0 0 351 1320 0 0 875 138 0 0
0 1220 366 168 0 0 1394 0 0 0 422 693
131 0 0 0 0 200 0 552 306 576 234 0
0 166 0 935 0 0 46 0 561 0 326 1160
71 460 366 0 785 828 0 0 0 1040 0 0
459 0 866 355 587 883 0 465 0 0 0 0
433 461 0 117 0 0 0 0 934 0 1218 294
155 0 0 222 298 0 0 711 452 0 0 194
429 46 1692 59 1184 0 0 0 0 0 0 1068
0 0 0 0 0 35 697 24 366 1075 1507 0
131 0 0 1800 1521 180 0 90 1115 0 0 0
0 699 0 0 0 141 992 0 297 743 1857 0
1261 0 1937 459 658 516 0 1807 0 0 0 0
154 1082 0 0 0 108 0 0 37 207 62 0
0 41 0 0 0 0 1678 0 1347 1393 482 1086
1299 0 1347 737 49 0 0 150 0 0 0 80
0 433 0 0 1040 111 1337 0 1919 595 0 0
1838 0 1486 1196 0 591 0 596 0 0 355 0
0 26 42 437 402 832 893 0 0 0 0 0
0 825 0 0 349 0 745 0 55 936 0 243
265 0 0 0 62 77 0 1125 242 124 0 0
175 310 118 75 192 154 0 0 0 0 0 0
701 0 295 272 0 0 0 130 0 0 67 884
0 582 0 0 124 0 449 0 785 813 0 1
0 413 0 1454 0 0 736 0 870 0 92 322
1831 161 292 0 0 1280 0 0 0 981 769 0
0 0 1278 0 699 0 1515 1767 0 85 0 1006
1213 1602 0 0 0 0 0 0 35 75 1526 35
0 0 0 0 681 266 1157 1247 857 241 0 0
369 1496 342 1302 537 784 0 0 0 0 0 0
0 0 522 0 175 14 557 114 0 1603 0 0
0 0 0 389 0 0 235 1602 57 0 1601 128
1209 1462 0 0 1634 0 0 0 711 123 0 1227
535 0 890 811 0 1179 0 369 0 0 1228 0
0 0 0 0 323 0 708 220 1065 257 0 1444
248 140 0 870 0 1055 0 0 107 0 232 0
185 0 0 0 1078 0 0 810 79 271 0 45
0 1202 95 0 0 0 174 0 0 714 271 1022
0 0 0 0 0 650 1223 1538 100 391 184 0
472 186 1565 1005 0 1125 0 0 0 0 705 0
313 239 0 0 0 0 0 0 61 1037 53 377
0 472 0 1251 0 0 609 0 1613 0 13 411
303 497 887 0 12 211 0 0 0 525 0 0
1304 0 0 0 445 0 0 1542 26 128 0 247
0 973 0 1068 0 0 1674 0 416 0 520 424
824 570 262 0 621 228 0 0 0 1442 0 0
293 0 432 0 0 0 0 1247 0 216 739 827
0 588 389 160 269 1044 1157 0 0 0 0 0
705 493 0 1180 1509 345 0 0 420 0 0 0
0 0 0 0 0 385 57 1248 60 234 1504 0
0 1652 0 0 170 0 256 0 332 387 0 822
0 0 0 180 155 0 637 1440 526 0 0 562
1367 699 0 0 374 544 0 0 135 58 0 0
0 0 541 483 607 362 202 701 0 0 0 0
0 1324 0 0 0 0 296 0 534 1122 143 1134
948 0 931 576 0 512 0 1368 0 0 1520 0
0 1188 0 0 1411 0 1561 0 71 281 0 465
527 0 0 70 0 1299 0 629 816 0 595 0
1123 304 256 0 962 0 0 0 0 207 0 553
0 0 1039 0 0 0 1297 717 0 8 473 750
495 739 0 1170 0 237 0 0 130 0 1118 0
0 129 283 0 1132 1241 1074 0 0 759 0 0
697 340 0 0 345 0 0 0 322 65 0 298
0 0 0 866 0 0 731 286 1316 0 277 259
398 0 1532 0 0 445 0 25 0 202 422 0
1214 0 0 0 0 302 0 643 1140 1175 802 0
0 0 0 1409 823 0 1282 390 17 0 0 228
267 6 865 0 0 26 0 0 0 1712 826 0
211 507 0 1540 833 0 0 0 1180 0 0 1149
0 0 178 0 807 948 728 792 0 364 0 0
297 282 1135 0 0 309 0 0 0 1136 1639 0
36 1214 0 712 0 0 0 0 1500 0 175 1137
0 0 1226 701 1022 614 342 741 0 0 0 0
1112 75 0 52 0 0 0 0 277 0 567 1239
0 630 0 0 0 925 1071 0 488 141 227 0
1344 0 0 0 1114 600 0 708 149 97 0 0
0 245 0 0 0 0 1194 0 257 239 474 488
1637 0 0 0 118 0 0 243 122 617 0 785
0 0 419 0 275 0 1858 444 0 221 0 46
339 481 973 42 0 315 0 0 0 0 103 0
1089 452 0 1471 0 287 0 0 1192 0 655 0
0 439 1537 0 0 117 642 0 0 1190 31 0
0 0 187 953 665 16 444 1176 0 0 0 0
1024 827 0 0 0 210 0 0 1198 1445 776 0
0 0 708 731 325 14 421 203 0 0 0 0
0 515 460 0 0 494 613 0 0 873 212 0
0 0 12 1069 302 0 277 186 0 0 0 1630
1704 0 0 169 1026 1220 0 531 1219 0 0 0
0 0 0 0 0 0 1772 330 168 221 1430 1093
1143 0 0 0 409 0 0 153 365 755 0 88
553 0 1375 1017 271 1015 0 61 0 0 0 0
0 711 0 0 0 0 1282 0 711 58 1116 85
298 0 0 0 979 0 0 784 588 872 0 374
0 974 568 0 0 581 20 0 0 329 628 0
0 195 1023 404 1356 0 347 0 0 0 0 615
901 0 0 0 197 0 0 744 39 344 0 114
281 580 0 523 0 159 0 0 194 0 1110 0
0 286 0 755 0 229 1371 0 923 0 281 0
341 0 0 0 434 391 0 1604 617 58 0 0
415 130 100 0 865 0 0 0 0 923 0 842
83 1195 0 0 0 0 0 0 154 261 348 224
637 0 1868 365 0 1304 0 1103 0 0 1140 0
0 1537 0 72 112 187 49 0 1424 0 0 0
96 0 1250 0 20 0 0 1195 0 513 0 323
0 1299 0 1674 1127 0 220 0 512 0 0 401
0 0 0 0 0 497 99 96 918 639 610 0
0 0 999 0 0 0 853 1161 0 220 842 93
1447 769 632 523 1413 0 0 0 0 0 0 1287
0 0 0 248 0 1347 980 408 1411 0 501 0
0 467 1470 139 670 0 302 0 0 0 0 196
1054 0 0 0 0 0 0 127 220 1471 431 1125
0 0 0 478 2 1190 534 1015 339 0 0 0
0 1526 0 310 133 0 344 0 719 0 0 1026
0 81 342 0 0 1038 540 0 0 1032 1039 0
1520 0 803 968 111 416 0 1097 0 0 0 0
0 0 0 173 740 0 374 86 968 0 0 328
0 746 989 0 588 471 824 0 0 429 0 0
655 0 0 0 119 0 0 1450 1055 394 0 1931
0 298 0 0 0 1566 987 0 659 128 191 0
266 1510 1392 1324 0 0 0 0 0 0 1147 1173
746 0 0 0 0 433 0 1310 380 750 42 0
0 1431 606 831 197 0 868 0 0 0 0 239
454 16 0 0 0 514 0 0 1698 316 413 0
253 0 1289 207 224 198 0 466 0 0 0 0
0 0 0 0 715 0 373 1079 726 943 0 222
946 474 298 0 341 992 0 0 0 130 0 0
0 0 0 679 222 0 717 1382 218 0 0 603
0 887 0 29 0 0 171 0 24 0 609 767
0 0 0 261 0 513 509 8 582 0 15 0
0 0 477 0 357 0 414 530 0 1690 0 469
1208 0 1004 704 0 0 0 230 0 0 158 141
0 1717 0 0 0 0 1181 0 870 206 827 222
1162 0 302 0 1684 0 0 1456 0 433 0 35
87 0 65 127 0 0 0 176 0 0 1794 196
0 1138 0 959 1224 1590 531 0 1357 0 0 0
0 0 1375 0 0 0 624 10 0 70 390 1018
1363 0 0 0 30 664 0 1145 947 554 0 0
0 1177 0 0 0 0 1245 0 387 324 188 1173
291 0 713 1283 217 1630 0 1264 0 0 0 0
589 627 0 0 0 194 0 0 540 182 896 0
0 525 742 0 902 0 899 0 0 820 0 1649
1150 456 885 0 553 1043 0 0 0 4 0 0
0 0 0 186 0 285 1035 642 256 0 455 0
770 0 0 293 214 0 0 646 686 0 0 634
330 0 987 523 0 212 0 471 0 0 735 0
0 1417 0 0 722 165 706 0 1159 5 0 0
961 97 59 0 0 403 0 0 0 96 673 0
0 0 411 0 287 0 1557 1181 0 1404 0 839
1630 1258 254 1750 0 108 0 0 0 0 294 0
0 0 0 0 246 0 829 1028 709 443 0 1034
0 0 935 0 533 42 257 239 0 470 0 0
386 114 0 600 431 367 0 0 1458 0 0 0
200 1162 671 0 0 465 0 0 0 499 1271 0
0 0 0 0 1123 105 852 800 599 932 0 0
0 0 1596 1223 163 764 37 7 0 0 0 0
643 0 0 458 0 0 0 793 1626 0 1696 531
175 1756 43 0 997 0 0 0 0 613 0 609
0 0 0 0 609 93 714 983 221 768 0 0
991 0 954 639 0 0 0 634 0 0 339 696
0 1570 277 550 208 1266 495 0 0 0 0 0
0 0 0 0 0 0 441 314 821 1222 736 1114
1194 0 1073 0 441 1685 0 421 0 141 0 0
66 0 324 1672 0 0 0 722 0 0 123 1286
0 1557 0 0 0 0 1351 0 1174 144 1071 294
440 0 806 0 1038 1347 0 1424 0 1500 0 0
821 971 0 1022 670 0 0 0 94 0 0 1004
0 0 174 0 0 568 1575 607 0 893 1742 0
1297 552 0 292 634 0 0 0 74 0 0 463
0 77 0 0 991 0 1366 0 293 279 0 394
43 0 103 1471 0 0 0 1099 0 0 1693 70
493 0 193 0 754 526 0 22 0 1153 0 0
0 848 0 0 0 1058 215 0 719 722 722 0
0 0 851 589 1272 0 180 539 0 0 0 76
915 1372 15 0 0 0 0 0 0 88 936 412
0 0 0 78 649 40 868 301 753 0 0 0
0 0 320 0 737 0 31 61 0 69 0 178
838 0 0 1402 0 327 0 1317 649 0 1578 0
0 1685 499 0 172 441 908 0 0 1690 0 0
527 0 0 881 0 0 0 412 697 0 471 1537
514 0 463 169 458 648 0 775 0 0 0 0
0 56 0 0 467 483 530 0 537 388 0 0
0 0 1008 0 328 0 407 37 0 451 0 970
605 246 373 721 46 0 0 0 0 0 0 286
50 279 0 0 0 1322 0 0 1084 1054 424 0
506 0 0 738 871 23 0 1089 448 0 0 0
0 509 1549 0 189 0 267 0 0 678 0 1104
0 709 0 986 0 322 437 0 432 0 397 0
0 415 0 0 0 506 323 0 1231 1125 538 0
0 14 632 448 0 0 231 0 0 0 843 495
577 0 0 1440 229 0 0 1764 181 0 0 255
0 1712 0 0 0 57 556 0 561 761 376 0
1146 145 1259 0 12 27 0 0 0 771 0 0
0 0 0 0 1565 0 324 1384 795 15 0 244
0 294 1097 682 0 953 167 0 0 0 1303 0
631 85 0 0 104 0 0 0 1460 276 0 1100
0 628 944 117 906 796 1386 0 0 0 0 0
1397 0 561 0 478 0 0 88 0 677 0 868
311 0 221 81 0 1659 0 408 0 0 293 0
0 0 0 1088 430 0 1832 1094 1404 0 0 381
941 288 167 0 0 166 0 0 0 465 1462 0
0 0 418 31 1146 0 388 271 0 0 0 223
234 854 129 0 0 169 0 0 0 589 662 0
649 1000 0 435 0 0 0 0 637 0 277 1048
0 0 998 0 1254 0 809 698 0 165 0 470
260 636 0 706 0 1590 0 0 19 0 1449 0
0 0 59 0 1180 0 107 289 0 603 0 1365
0 0 0 0 0 0 622 1462 123 107 623 203
184 1311 0 113 0 1360 0 0 69 0 366 0
0 0 0 1105 282 0 114 675 1050 0 0 1030
1245 337 800 0 536 1306 0 0 0 1429 0 0
0 776 519 67 0 0 1111 0 0 0 1163 585
498 0 0 0 1538 0 0 1679 1476 19 0 707
0 287 1531 212 0 0 327 0 0 0 429 225
591 0 0 0 400 766 0 356 732 623 0 0
0 1802 0 465 0 154 633 0 218 0 1569 0
567 0 0 575 183 702 0 40 262 0 0 0
228 0 343 686 1215 0 0 917 0 0 0 1099
0 534 535 0 0 173 729 0 0 987 882 0
0 136 0 12 115 0 187 0 498 0 0 106
1459 0 181 0 0 550 0 81 0 175 745 0
0 0 0 1340 172 206 328 844 567 0 0 0
0 0 0 0 1444 0 924 339 91 267 0 1030
18 1192 0 0 223 0 0 0 152 269 0 205
1272 0 80 0 0 1117 0 579 0 889 1598 0
0 0 965 426 255 0 369 636 0 0 0 1210
11 541 0 227 879 455 0 0 1031 0 0 0
1 475 0 0 0 0 0 0 241 502 1018 211
0 0 1635 20 246 490 898 921 0 0 0 0
0 0 318 446 478 0 502 145 0 0 0 301
785 874 0 0 255 1247 0 0 1797 860 0 0
0 0 761 240 0 0 412 217 0 0 1202 615
0 418 818 1145 809 283 165 0 0 0 0 0
1547 0 126 0 606 63 0 513 0 1422 0 0
0 0 0 0 0 0 636 482 1229 129 680 153
0 0 647 1087 801 15 248 139 0 0 0 0
15 1326 0 0 59 0 0 0 559 906 0 895
164 0 793 516 0 0 0 131 0 0 208 150
0 0 0 731 0 79 535 149 314 0 1197 0
1205 0 0 0 1432 425 0 92 550 879 0 0
0 0 1230 1 0 0 699 1070 0 0 739 927
0 42 0 948 0 922 298 0 1630 0 662 0
0 37 1555 0 732 0 564 0 0 971 0 662
754 874 0 1145 95 0 0 0 1708 0 0 151
250 780 1739 0 185 460 0 0 0 412 0 0
0 102 0 0 0 721 1017 0 814 1258 1089 0
0 0 393 1838 834 0 87 1166 0 0 0 899
543 880 282 0 0 0 0 0 0 1777 430 237
838 14 0 818 42 1168 0 0 1062 0 0 0
0 0 747 0 557 0 951 834 0 122 0 675
790 452 0 1017 0 150 0 0 1172 0 814 0
0 0 0 0 0 0 826 532 211 821 523 829
0 588 1384 875 1659 15 309 0 0 0 0 0
845 0 201 0 0 333 0 103 0 665 1350 0
41 0 0 0 931 962 0 906 185 441 0 0
0 1333 0 272 468 0 326 0 1210 0 0 462
180 0 1481 433 0 1014 0 1608 0 0 568 0
730 693 182 0 0 0 0 0 0 1142 544 1650
0 919 0 893 515 1041 1730 0 885 0 0 0
1910 0 0 0 0 0 0 1006 589 994 414 960
0 730 0 1122 0 949 1546 0 192 0 369 0
106 0 924 161 1067 0 0 113 0 0 0 540
1220 188 212 151 0 115 0 0 0 0 417 0
0 0 0 0 556 39 1164 836 68 22 0 0
0 1127 0 0 0 126 228 0 225 993 943 0
1247 0 474 0 784 55 0 1310 0 183 0 0
0 1466 0 261 281 0 1162 0 927 0 0 345
1489 0 1337 228 0 252 0 416 0 0 479 0
0 0 0 0 0 293 1211 441 1622 603 494 0
438 0 854 0 0 0 0 596 0 129 219 2
0 718 0 0 0 0 1132 0 573 300 415 1065
1078 0 489 0 0 1583 0 850 0 26 74 0
483 796 863 574 1908 0 0 0 0 0 0 79
342 833 0 315 0 0 0 0 1741 0 476 1283
0 0 1639 0 0 814 1929 162 0 285 203 0
481 0 0 995 692 207 0 1175 576 0 0 0
0 0 0 28 0 0 39 217 522 0 185 1256
0 1094 486 0 0 57 197 0 0 794 266 0
200 0 0 117 62 892 0 969 795 0 0 0
1027 1373 771 863 32 0 0 0 0 0 0 128
402 0 0 0 33 708 0 458 55 1490 0 0
0 0 0 456 171 0 670 788 813 0 0 196
0 1231 1263 403 0 0 292 0 0 0 144 1148
0 0 391 0 0 446 89 1272 0 25 849 0
623 0 0 0 349 0 0 439 1591 649 0 448
0 1669 1059 766 0 527 159 0 0 0 951 0
0 0 0 29 703 0 999 838 171 0 0 429
0 836 0 0 0 808 250 0 548 673 472 0
1511 0 889 776 0 0 0 1419 0 0 111 597
60 229 0 0 856 1126 0 0 850 461 0 0
0 1107 0 0 514 0 1415 0 375 714 0 737
1773 0 1514 1246 0 0 0 346 0 0 138 943
0 0 0 0 0 753 438 858 349 1022 174 0
0 967 0 560 0 908 342 0 830 0 1102 0
0 0 124 0 153 0 730 1085 0 707 0 518
0 964 0 990 844 0 426 0 599 0 0 995
424 578 1505 446 0 295 0 0 0 0 512 0
492 0 0 24 1043 0 0 300 1005 0 0 535
0 0 0 0 0 1692 641 758 69 959 1546 0
46 735 406 0 698 0 0 0 0 302 0 1666
276 0 267 309 884 1584 0 755 0 0 0 0
906 0 0 935 0 0 0 224 870 0 1700 926
0 1 124 0 1197 0 940 0 0 441 0 630
937 1005 544 0 539 596 0 0 0 853 0 0
0 0 143 290 0 1003 1441 95 0 0 437 0
0 0 0 0 0 0 51 950 1278 331 403 756
1667 459 1328 14 0 1015 0 0 0 0 560 0
0 244 0 844 847 0 214 0 747 0 0 1718
0 0 0 0 0 661 431 391 96 769 878 0
0 0 0 557 755 0 964 60 184 0 0 451
1453 0 958 0 0 511 0 776 0 227 198 0
0 206 0 0 32 0 512 0 923 132 0 189
0 1289 1504 654 441 1133 63 0 0 0 0 0
0 108 0 547 78 0 904 0 181 0 0 1544
626 123 0 0 121 0 0 0 785 1216 0 217
534 0 576 0 0 1110 0 49 0 539 223 0
372 0 0 705 0 0 0 45 681 0 289 882
317 67 720 0 0 551 0 0 0 391 19 0
0 0 75 274 668 144 1323 1724 0 0 0 0
29 1701 0 741 0 0 0 0 1498 0 1324 610
749 0 1340 0 78 251 0 73 0 623 0 0
0 0 0 265 0 1187 1010 1676 832 0 507 0
0 1934 40 0 1361 0 128 0 0 458 0 689
801 2 663 919 0 0 0 0 0 0 821 11
686 0 79 192 1225 520 0 742 0 0 0 0
200 0 0 0 0 0 0 692 1301 1581 1440 751
0 39 1482 228 1236 0 839 0 0 0 0 644
0 1369 0 1536 0 564 463 0 934 0 273 0
0 0 512 0 255 0 573 325 0 1897 0 138
925 0 0 292 0 0 0 650 715 0 1473 28
840 943 1550 341 1450 493 0 0 0 0 0 0
0 0 0 1145 0 0 115 842 1459 0 1052 713
0 800 1351 0 102 515 1424 0 0 887 0 0
0 0 116 232 582 779 160 1184 0 0 0 0
345 0 0 0 525 0 0 533 411 519 0 1069
338 1487 0 1198 65 1149 0 0 772 0 0 0
54 0 864 0 0 0 0 1029 0 58 1677 446
0 0 0 0 1210 0 826 268 1222 1393 0 1155
471 1548 199 987 529 1656 0 0 0 0 0 0
325 0 0 0 0 0 0 1871 55 436 417 1024
522 1363 365 421 442 0 0 0 0 0 0 82
0 0 775 0 0 690 495 964 0 1137 1128 0
0 894 0 292 0 0 503 0 893 0 239 186
534 33 39 0 1377 0 0 0 0 262 0 554
186 43 826 173 0 191 0 0 0 0 406 0
0 0 0 888 0 749 284 461 1349 0 1044 0
0 529 1354 647 0 0 116 0 0 0 252 395
0 233 0 0 0 111 338 0 859 845 185 0
416 0 198 545 418 0 0 12 0 0 0 966
0 0 0 0 1254 131 683 13 41 884 0 0
797 5 0 0 0 0 0 0 638 261 76 382
61 0 194 60 0 1329 0 746 0 0 589 0
0 0 704 0 406 0 878 685 0 561 0 1289
1729 172 504 1616 254 943 0 0 0 0 0 0
0 1543 0 0 0 125 465 0 1231 551 275 0
0 0 0 658 0 0 512 1129 257 0 323 748
1116 75 1225 0 0 489 0 0 0 443 810 0
0 0 412 0 94 459 959 320 0 989 0 0
0 623 0 1196 0 0 889 0 143 0 110 1475
644 0 0 0 548 1062 0 70 856 1491 0 0
668 665 0 1141 180 413 0 0 634 0 0 0
19 0 1249 0 0 0 0 1133 0 278 653 119
501 1057 420 0 117 0 0 0 0 870 0 53
0 0 0 715 1203 156 1440 1138 706 0 0 0
0 286 0 0 0 0 246 0 1183 71 1040 824
0 0 349 0 513 92 42 715 0 310 0 0
808 392 1251 1368 556 0 0 0 0 0 0 399
474 569 245 0 0 398 0 0 0 1302 115 0
443 0 0 0 0 0 0 337 1838 3 1521 503
0 0 1426 803 1439 1014 1239 746 0 0 0 0
0 585 0 0 0 0 452 0 1218 708 430 0
865 602 545 38 370 0 0 0 0 0 0 1112
0 0 0 270 0 1152 82 947 169 0 274 0
0 185 740 0 0 0 838 0 0 29 872 1153
334 1379 0 483 461 154 0 0 663 0 0 0
1434 0 0 457 966 662 0 579 708 0 0 0
0 0 1020 0 0 0 1864 6 0 1600 660 285
49 241 0 1447 0 292 0 0 490 0 741 0
539 0 182 0 1312 580 0 348 0 947 0 0
316 0 0 627 35 0 0 371 377 0 0 334
93 0 0 0 0 0 0 704 204 866 479 1040
920 464 0 1552 412 1505 0 0 108 0 0 0
0 347 926 0 0 0 1090 0 0 658 535 1484
313 893 30 217 0 664 0 0 0 0 904 0
0 0 0 0 1472 991 1206 1363 679 1055 0 0
675 78 1652 513 218 0 0 0 0 0 0 130
0 0 0 57 0 0 583 235 1822 0 145 675
1337 498 1654 783 0 490 0 0 0 0 1000 0
0 675 0 0 850 0 350 0 1235 655 0 1349
406 0 300 138 0 1246 0 680 0 0 299 0
43 839 635 628 0 0 0 0 0 0 361 1195
0 0 0 0 0 431 1112 57 1415 946 804 0
0 0 0 479 941 0 375 284 36 0 0 711
1011 0 476 0 67 1731 0 180 0 1328 0 0
178 0 929 1490 0 0 0 560 0 0 311 839
512 783 0 0 502 533 0 0 994 1294 0 0
0 0 1237 900 255 465 1734 820 0 0 0 0
1769 0 0 0 0 0 0 199 1510 1178 985 125
0 1486 878 1592 381 0 1302 0 0 0 0 427
0 0 30 0 54 0 369 43 0 1304 0 1287
1877 0 422 1008 276 892 0 1648 0 0 0 0
0 783 0 592 0 0 1213 0 1027 0 259 192
0 0 75 0 764 172 367 527 0 483 0 0
1157 0 1360 520 0 615 0 75 0 0 1088 0
0 618 0 0 0 0 374 0 891 241 142 1452
243 789 436 0 819 1478 0 0 0 442 0 0
0 0 0 0 0 0 476 798 223 1229 219 607
538 883 304 993 0 0 0 0 0 0 639 456
0 0 0 251 553 550 769 267 1124 0 0 0
228 0 1270 0 0 0 0 1447 0 436 293 178
385 1318 0 986 0 599 0 0 9 0 362 0
0 0 0 0 491 235 1226 811 31 1345 0 0
839 35 0 0 0 0 0 0 1160 4 445 580
814 534 860 1221 733 0 0 0 0 0 0 700
0 0 0 0 0 344 709 545 1295 456 494 0
0 0 1815 0 106 754 252 415 0 1053 0 0
0 1777 0 635 990 0 482 0 1565 0 0 410
0 0 1303 0 0 0 252 1511 0 336 972 1106
1407 940 0 0 154 1473 0 0 288 338 0 0
0 650 0 1761 765 0 949 0 252 0 0 187
1017 0 0 0 0 360 0 1153 449 388 1194 0
0 1044 775 0 297 164 1081 0 0 500 0 0
1446 0 568 190 0 0 0 1148 0 0 726 1282
0 0 0 0 779 809 620 603 673 929 0 0
0 554 0 209 311 0 424 0 341 0 0 738
457 955 83 1338 0 493 0 0 0 0 525 0
0 0 0 0 0 44 92 567 712 286 505 0
0 0 513 0 787 0 1115 759 0 472 0 617
1658 22 1057 0 441 1253 0 0 0 836 0 0
0 351 0 0 157 0 1625 0 267 238 0 682
1501 391 0 937 0 0 0 0 796 0 144 608
0 0 795 0 317 240 1415 723 0 868 0 0
1571 602 0 1247 165 604 0 0 923 0 0 0
0 888 0 0 0 0 924 0 17 156 449 986
149 0 0 0 510 1644 0 1578 556 385 0 0
0 169 0 792 0 0 94 0 40 0 1746 63
594 713 488 0 0 0 0 0 0 70 55 81
0 650 807 26 1816 0 712 0 0 0 0 675
0 0 0 0 0 279 200 139 490 982 1434 0
1064 0 0 1184 295 0 0 1294 70 0 0 117
282 1555 625 0 0 621 0 0 0 1448 767 0
0 0 257 1339 349 0 900 18 0 0 0 1601
763 0 0 26 417 1314 0 600 519 0 0 0
0 0 515 0 0 10 1724 103 0 914 255 0
1305 489 0 2 750 0 0 0 1200 0 0 1539
0 0 0 0 0 1624 592 1475 22 433 372 0
932 233 0 462 411 0 0 0 389 0 0 918
0 1028 173 692 0 0 1428 0 0 0 1150 661
498 0 1706 86 0 544 0 1298 0 0 80 0
0 456 0 0 25 716 278 0 698 604 0 0
779 0 378 83 1487 0 0 612 0 0 0 629
0 963 0 909 0 0 660 0 815 0 722 646
0 707 345 0 989 653 146 0 0 1556 0 0
0 250 437 0 0 158 466 0 0 347 636 0
514 0 0 1240 0 0 0 657 282 0 237 598
0 0 113 0 0 1059 489 708 0 1170 785 0
102 0 126 1010 453 0 0 559 0 0 0 177
112 1658 0 0 606 410 0 0 901 98 0 0
102 0 1266 661 0 0 0 1140 0 0 85 649
973 738 0 0 0 0 0 0 470 586 421 664
0 0 0 0 0 90 873 415 919 726 455 0
0 0 356 901 269 0 407 261 0 0 0 434
1067 178 0 222 21 815 0 0 805 0 0 0
170 0 695 0 1321 0 0 736 0 1030 0 819
0 1518 1087 796 0 890 332 0 0 0 894 0
0 0 0 0 0 0 97 400 1839 485 447 461
0 243 1410 492 351 1259 204 0 0 0 0 0
39 0 0 493 461 0 0 94 409 0 0 32
0 0 0 0 466 0 705 1255 335 1122 0 230
862 109 844 0 0 251 0 0 0 231 866 0
608 1838 0 0 759 0 0 0 964 216 0 1677
0 0 405 1748 0 1214 1487 502 0 0 972 0
1356 0 375 0 104 0 0 322 0 650 0 595
0 68 66 0 0 0 188 0 0 1182 583 258
646 0 0 934 846 280 0 784 713 0 0 0
65 71 0 632 0 774 0 0 185 0 467 0
0 623 0 234 1142 0 580 0 217 0 0 874
0 58 598 0 0 797 228 0 0 460 593 0
0 0 1008 65 0 0 201 580 0 0 933 1315
0 0 0 391 0 995 456 484 1106 0 98 0
408 1844 0 0 1195 722 0 0 654 247 0 0
0 0 1282 0 0 0 222 1676 0 1439 1169 15
743 703 475 543 0 0 0 0 0 0 96 1585
0 107 0 557 0 929 898 0 1091 0 142 0
934 548 643 0 1460 0 0 0 0 670 0 827
0 0 0 871 235 1602 820 412 491 0 0 0
216 388 397 0 109 0 0 0 0 1264 0 298
0 0 0 601 0 0 26 1067 68 0 1239 837
0 880 649 1006 1148 586 46 0 0 0 0 0
747 0 0 0 0 0 0 731 1573 1752 398 1307
0 252 459 1479 0 804 159 0 0 0 1226 0
0 0 0 401 1438 29 816 563 773 0 0 0
519 0 1851 0 0 372 0 377 0 1367 137 0
556 465 0 106 0 0 0 0 1588 0 226 872
179 406 1389 0 0 123 0 0 0 439 476 0
132 0 0 1157 147 677 0 500 782 0 0 0
0 254 0 0 201 406 1773 0 770 1281 0 0
863 213 1357 1633 193 147 0 0 0 0 0 0
1032 680 0 0 0 0 0 0 414 542 257 1015
0 0 681 0 0 474 182 1201 0 191 22 0
0 0 0 245 0 559 727 109 929 0 848 0
0 1539 0 548 1013 0 861 0 462 0 0 832
1287 0 0 0 0 375 0 138 42 1582 1102 0
0 0 1103 1322 1086 233 96 1072 0 0 0 0
0 0 0 0 0 0 550 576 65 959 995 1352
292 600 0 0 1350 66 0 0 757 494 0 0
0 0 0 1784 0 1517 813 295 64 0 390 0
1041 1090 0 0 640 0 0 0 515 1489 0 1378
190 0 532 1544 0 244 0 710 0 0 970 0
35 0 306 0 1059 0 0 80 0 581 0 285
0 0 0 0 0 0 411 476 793 291 324 114
213 1560 925 0 0 1724 0 0 0 413 1372 0
0 0 0 483 301 0 16 582 1037 0 0 1658
0 0 270 0 955 0 1128 604 0 366 0 8
0 0 1119 0 0 0 198 341 0 408 1074 143
52 119 88 24 0 1549 0 0 0 0 286 0
1021 1537 0 0 496 0 0 0 1492 245 0 1088
0 0 863 44 0 647 1129 1487 0 0 128 0
579 784 0 0 119 0 0 0 181 49 0 534
651 160 0 1712 214 256 0 0 623 0 0 0
82 0 671 0 0 0 0 502 0 625 211 382
198 701 854 0 1042 1356 0 0 0 1111 0 0
0 52 0 1718 0 0 1391 0 1138 0 1075 316
1603 0 395 0 233 0 0 592 0 1347 0 219
0 1061 598 1195 0 0 1249 0 0 0 488 1101
173 0 141 0 550 335 0 106 0 1319 0 0
0 0 244 219 0 856 546 66 0 0 531 0
1732 0 0 0 1426 0 0 1543 829 135 0 1184
0 6 0 987 270 1424 1482 0 341 0 0 0
0 567 1263 37 0 0 346 0 0 0 582 1024
1589 1108 0 0 0 1043 0 0 1521 1507 297 0
0 0 209 1191 284 0 513 461 0 0 0 1158
0 0 0 199 0 785 555 1476 529 0 368 0
346 1848 528 0 73 151 0 0 0 708 0 0
429 1 1227 555 0 347 0 0 0 0 500 0
0 0 0 443 473 0 769 65 1361 0 0 1319
549 0 1471 0 641 824 0 1234 0 1044 0 0
0 0 0 909 0 126 788 523 1382 0 557 0
662 1454 1210 0 0 0 0 0 0 666 225 390
0 0 0 0 144 635 67 926 119 447 0 0
0 24 0 774 0 127 529 0 1576 0 780 0
0 706 1786 0 1181 0 324 0 0 116 0 90
1514 0 0 725 0 0 0 1078 71 0 893 638
0 192 33 0 473 371 1485 0 0 114 0 0
730 399 0 0 0 0 0 0 1332 1512 812 808
1048 279 380 627 851 0 0 0 0 0 0 363
0 716 0 820 474 33 235 0 414 0 0 0
0 31 0 0 0 425 1087 0 269 1486 491 0
1343 0 1628 1026 823 0 0 585 0 0 0 431
130 219 0 218 0 820 0 0 442 0 1333 0
0 0 0 491 1350 0 1657 1201 236 0 0 623
306 694 0 0 0 411 0 0 411 131 812 0
0 994 599 0 0 161 590 0 0 1657 644 0
0 0 0 1586 0 360 0 780 258 0 8 0
400 0 0 0 324 0 0 119 978 1107 0 1132
1476 0 1118 1335 0 0 0 782 0 0 612 18
0 1398 0 0 142 1024 905 0 486 1561 0 0
0 0 793 1577 455 0 545 594 0 0 0 1151
700 423 0 0 0 1121 0 0 155 301 120 0
797 293 10 0 564 143 0 0 0 732 0 0
0 0 447 0 0 0 1656 335 0 428 987 813
403 211 0 1142 1758 909 0 0 226 0 0 0
1261 0 0 0 0 0 0 1607 626 848 1164 273
0 1405 165 0 934 433 1001 0 0 617 0 0
594 77 0 210 0 0 0 0 850 0 1184 153
0 0 521 1383 0 0 885 464 0 0 241 1484
855 885 174 0 1505 766 0 0 0 1182 0 0
0 0 52 600 0 97 1483 1939 0 0 426 0
130 388 0 0 0 0 0 0 104 694 1213 884
1016 1551 0 0 314 60 0 0 524 193 0 0
617 0 110 0 842 1573 0 1972 0 148 0 0
0 0 805 1514 521 0 699 2 0 0 0 764
300 969 0 92 0 0 0 0 1273 0 832 261
0 0 689 0 86 984 595 878 0 1342 0 0
954 0 338 0 0 0 0 17 0 316 222 966
0 1803 359 1463 912 1261 1586 0 0 0 0 0
127 0 0 0 14 0 0 1549 1276 1200 0 361
1296 897 879 915 0 0 0 0 0 0 254 1309
0 0 0 325 0 856 1266 186 723 0 1149 0
0 0 88 0 604 0 29 249 0 1512 0 498
1572 0 0 1001 989 1318 0 148 114 0 0 0
0 132 0 0 0 0 0 0 252 437 885 1610
0 0 1783 100 0 1016 502 692 0 0 401 0
181 140 0 0 1177 15 0 0 752 541 0 0
0 959 0 823 0 0 314 0 735 0 115 487
0 356 689 0 0 14 151 0 0 461 811 0
0 335 53 979 0 408 353 0 0 0 241 0
282 0 0 376 1127 55 0 28 478 0 0 0
34 0 476 0 0 0 0 1644 0 1241 293 175
0 864 0 0 0 0 324 0 885 643 488 483
0 516 1667 724 0 435 751 0 0 0 932 0
1040 0 0 0 476 0 0 74 949 747 0 1057
524 384 502 1791 0 0 0 0 0 0 328 78
156 0 0 0 104 621 0 1466 371 473 0 0
264 1208 0 187 0 587 0 0 148 0 54 0
0 81 0 182 599 0 248 0 361 0 0 692
0 0 480 0 0 1329 329 194 0 1024 223 0
528 0 498 0 726 0 0 545 0 80 0 0
0 505 437 585 0 0 1840 0 0 0 533 1731
794 0 0 0 763 1254 0 217 1698 714 0 0
402 0 37 269 275 326 0 629 0 0 0 0
0 339 142 571 0 0 1175 0 0 0 1727 402
0 0 286 0 0 599 122 685 0 1166 179 0
1347 1184 109 995 95 0 0 0 0 0 0 171
0 0 856 349 97 0 958 470 0 0 0 681
434 526 0 79 154 0 0 0 865 0 0 498
342 0 1083 0 1591 608 0 79 0 381 0 0
0 326 0 534 0 86 635 0 393 0 1543 0
134 0 0 0 0 103 0 238 298 650 12 0
1278 446 430 190 685 0 0 0 0 0 0 541
0 0 0 492 0 410 545 694 1124 0 549 0
528 0 1117 81 0 0 0 360 0 0 96 711
0 49 0 0 82 0 78 0 1350 956 0 441
0 502 434 373 1120 1399 557 0 0 0 0 0
140 0 0 0 0 177 0 492 593 648 733 0
0 761 947 604 430 0 537 0 0 0 0 1187
0 0 0 708 0 889 166 154 1032 0 1289 0
679 0 1475 0 304 0 0 760 0 768 0 1077
0 660 93 0 750 318 49 0 0 979 0 0
0 0 0 1617 790 0 796 1012 1053 0 0 549
761 1255 244 0 0 392 0 0 0 1456 221 0
0 0 0 1045 0 684 64 534 453 0 404 0
11 733 1436 595 0 0 0 0 0 0 836 772
60 0 0 0 0 809 0 1199 935 380 314 0
0 1219 14 5 973 0 477 0 0 0 0 79
877 0 714 0 70 109 0 1552 0 199 0 0
0 317 0 0 0 122 839 0 29 206 550 0
880 0 0 0 949 0 0 410 1116 894 0 72
0 456 1410 0 0 190 736 0 0 163 382 0
0 0 0 1617 0 0 481 271 338 0 1068 636
1329 212 0 0 1326 797 0 0 693 535 0 0
0 947 769 0 0 0 1313 0 0 819 106 340
359 0 106 759 0 499 0 1154 0 0 423 0
884 189 0 0 230 130 0 0 929 396 0 0
0 1239 0 1115 0 0 1692 0 190 0 460 442
8 0 216 0 0 542 0 788 0 1735 328 0
75 0 0 345 889 0 0 1066 368 0 0 1497
765 1268 159 790 0 0 0 0 0 0 1138 386
15 311 961 270 818 445 0 0 0 0 0 0
0 0 23 0 869 933 247 11 0 492 0 0
881 0 0 350 0 0 0 1630 896 0 403 731
0 840 574 135 0 972 969 0 0 0 668 0
785 0 461 0 0 0 0 400 0 1491 445 564
0 291 0 1832 0 0 930 0 1480 0 38 1019
0 134 1637 0 242 1001 249 0 0 1364 0 0
534 1081 0 528 1274 834 0 0 1139 0 0 0
391 0 0 205 0 0 0 393 208 0 87 1139
233 0 267 0 0 429 0 213 0 988 1192 0
0 0 0 1139 0 0 213 649 591 0 418 131
625 1088 0 360 1609 403 0 0 144 0 0 0
85 0 137 0 0 0 0 197 0 1225 13 816
0 318 543 0 215 1149 1094 0 0 371 0 0
0 0 0 170 0 0 515 1062 625 0 1545 464
335 576 1074 584 0 0 0 0 0 0 41 1150
0 497 190 883 0 1138 402 0 0 0 235 0
1656 0 0 0 522 0 0 314 1119 1400 0 1150
0 0 0 178 0 673 712 1199 213 0 233 0
0 1280 1431 2 439 1012 356 0 0 0 0 0
0 0 0 0 0 0 406 92 16 361 304 1281
1411 0 0 914 0 123 0 1310 122 0 343 0
13 746 0 686 1327 1182 0 0 461 0 0 0
0 86 501 0 0 32 739 0 0 47 1272 0
524 339 0 0 0 0 0 0 805 628 117 1684
0 0 193 0 1904 1429 603 140 0 944 0 0
0 0 498 874 0 0 327 230 0 0 1165 1504
974 600 451 0 0 593 0 0 0 1011 61 0
0 0 0 1113 327 140 1618 1007 663 0 0 0
241 177 0 613 500 123 0 0 297 0 0 0
1395 0 1060 0 0 568 0 343 0 650 1077 0
0 1181 0 0 988 0 1548 0 760 591 0 912
1282 0 90 0 0 0 0 360 0 418 712 233
300 0 0 377 1036 0 0 502 966 0 0 204
0 0 1423 928 0 187 829 738 0 0 233 0
374 1456 266 121 0 93 0 0 0 0 354 0
0 0 0 369 0 0 610 905 350 0 722 432
494 594 0 0 0 1279 0 0 658 1068 362 0
0 0 0 115 1684 548 686 345 814 0 0 0
562 492 1276 1041 0 0 0 0 0 0 433 436
0 0 0 0 231 0 518 994 1043 476 0 1448
37 822 0 293 0 85 0 0 4 0 1379 0
0 0 44 0 912 207 420 288 0 799 0 0
860 55 506 59 0 601 0 0 0 0 929 0
0 717 979 0 365 54 152 0 0 338 0 0
196 0 0 0 928 0 0 359 1743 518 0 736
118 286 1863 891 0 0 0 0 0 0 1349 265
0 0 0 455 1569 943 869 1210 406 0 0 0
79 617 0 0 0 0 0 0 1289 160 1039 741
1102 78 107 0 0 203 0 0 0 430 21 0
0 0 1296 85 847 1411 732 443 0 0 0 0
0 52 380 294 0 0 634 0 0 0 1136 647
794 0 0 0 573 0 0 67 768 1025 0 1095
0 0 0 1160 0 480 642 596 1041 0 252 0
1626 982 420 167 622 0 0 0 0 0 0 546
0 0 712 109 0 1937 113 668 0 0 1214 0
0 416 0 64 1252 0 815 0 337 0 0 90
0 430 0 0 0 0 355 0 823 1200 108 356
1299 0 143 0 653 0 0 653 0 267 0 1342
0 0 763 0 0 468 1542 484 0 38 1470 0
300 1091 115 0 326 1145 0 0 0 242 0 0
227 0 0 229 0 0 0 435 607 0 193 1415
489 0 847 1420 1229 401 0 151 0 0 0 0
0 739 0 0 0 736 449 0 642 1346 1067 0
0 0 30 0 1243 0 703 174 0 150 0 391
1066 0 704 1016 0 816 0 811 0 0 46 0
0 0 0 282 0 0 186 218 769 0 1868 339
0 676 1229 0 1801 82 1086 0 0 620 0 0
1765 30 0 860 0 0 0 0 293 0 1647 1197
0 898 0 0 0 905 1012 0 1605 877 186 0
0 0 1440 438 123 114 348 914 0 0 0 0
593 204 0 0 487 0 0 0 1495 759 0 960
0 73 332 263 515 64 331 0 0 0 0 0
0 793 2 609 384 0 627 0 0 0 0 521
895 0 99 416 372 0 0 1553 0 0 0 14
256 608 735 0 0 327 0 0 0 1019 802 0
0 0 652 225 791 189 691 498 0 0 0 0
1201 987 0 140 25 0 0 0 661 0 0 276
0 0 166 0 0 986 962 618 0 565 1457 0
1104 1047 0 703 477 0 0 0 497 0 0 1040
0 126 762 573 617 336 206 0 0 0 0 0
0 0 0 0 0 1402 108 449 1010 1494 778 0
0 0 0 269 0 0 1296 974 215 0 454 1845
295 840 245 0 723 1288 0 0 0 253 0 0
1031 504 955 0 0 225 0 0 0 411 156 0
351 0 0 735 260 34 0 1237 889 0 0 0
0 0 1149 0 3 0 1664 202 0 239 0 135
569 1207 0 0 0 0 0 0 890 277 1100 1324
0 269 984 356 1505 1199 90 0 0 0 0 0
150 0 0 0 0 0 0 1705 1054 550 1085 1235
688 1579 0 709 627 1756 0 0 779 0 0 0
403 98 1517 0 0 0 0 0 0 697 456 355
0 0 0 1493 306 0 1383 14 307 0 0 1029
904 0 0 0 0 938 0 351 1052 1508 528 0
0 0 1405 1846 0 0 505 1081 0 0 339 1316
73 0 0 0 1310 240 0 116 1188 1586 0 0
937 633 0 0 187 892 0 0 163 4 0 0
0 0 1687 0 0 0 1937 935 0 27 590 655
1292 702 0 810 815 130 0 0 319 0 0 0
0 787 0 0 0 64 781 0 414 870 241 0
0 0 0 1164 322 706 351 1018 383 0 0 0
0 229 0 205 0 0 5 0 443 0 813 686
0 768 351 0 256 0 33 0 0 787 0 72
1023 0 259 0 0 0 0 1315 0 528 271 544
4 629 0 931 0 1475 0 0 726 0 171 0
0 0 698 0 108 0 931 446 0 13 0 471
0 40 0 731 0 110 179 0 162 0 590 0
850 1272 110 0 16 0 0 0 0 1127 0 377
559 0 0 0 520 866 0 1166 954 271 0 0
0 0 1573 210 693 0 132 530 0 0 0 273
0 1698 0 194 0 0 831 0 1055 0 1320 716
1427 0 0 0 1312 0 0 1204 295 709 0 177
0 417 1546 227 0 0 1028 0 0 0 372 324
0 986 0 759 607 0 273 0 842 0 0 91
220 0 257 0 0 343 0 1083 0 670 1849 0
513 0 0 930 1616 944 0 290 622 0 0 0
0 0 652 450 0 99 987 324 0 0 146 0
57 1678 0 0 0 0 0 0 129 980 358 778
489 0 0 0 808 196 0 919 987 785 0 0
0 0 0 704 0 277 544 872 82 0 92 0
1225 1873 1848 574 0 245 0 0 0 0 413 0
0 0 0 302 410 0 1477 215 1855 0 0 1139
1739 18 1620 0 0 425 0 0 0 1574 623 0
0 0 216 962 0 908 42 944 0 0 685 0
0 1120 0 0 772 0 1552 0 551 1027 0 995
1504 0 485 704 0 581 0 525 0 0 1180 0
0 0 0 561 1725 605 754 371 1517 0 0 0
0 338 0 480 0 0 747 0 22 0 386 514
905 0 242 0 0 0 0 473 0 769 235 1170
0 0 1336 0 750 1434 883 652 0 781 0 0
595 1718 0 1143 0 0 0 0 1746 0 1595 628
849 0 1312 0 565 0 0 668 0 557 0 869
0 0 0 132 0 1106 69 762 599 0 478 0
0 480 0 494 445 0 829 0 632 0 0 1265
0 0 534 0 10 887 344 530 0 1150 0 0
46 837 639 350 491 0 0 0 0 0 0 537
677 0 0 1094 0 687 0 138 1159 0 190 0
0 545 0 0 0 0 47 0 84 844 493 1012
610 0 172 178 77 691 0 710 0 0 0 0
0 0 1166 0 0 931 919 257 0 635 616 0
0 446 226 582 1285 0 350 0 0 0 0 1163
0 0 0 0 0 0 281 165 896 225 373 92
283 0 379 0 21 0 0 1046 0 361 0 250
480 99 0 0 0 226 0 0 24 454 308 0
0 801 0 1096 1000 0 334 0 77 0 0 352
598 686 189 0 115 653 0 0 0 72 0 0
0 0 0 322 0 0 1246 280 807 0 248 351
479 0 0 0 0 1341 0 1082 310 1362 773 0
372 3 605 309 0 0 0 0 0 0 529 159
0 1581 599 974 46 0 74 0 0 0 0 1119
957 0 0 0 1541 953 0 1213 889 533 0 0
0 0 1302 0 0 21 75 20 0 627 1472 0
0 723 0 0 0 0 987 0 890 20 105 152
654 0 0 713 33 0 0 687 7 0 0 1164
479 0 753 0 1314 737 0 335 0 417 0 0
0 995 0 1426 0 159 189 0 1507 0 1486 0
55 0 1872 0 363 298 0 161 0 422 0 0
0 13 0 86 890 287 1667 0 389 0 0 0
1774 538 192 0 0 254 0 0 0 1251 133 0
0 0 0 1438 0 0 1180 604 1610 0 195 938
1344 843 169 0 0 826 0 0 0 944 109 0
0 0 1210 0 0 0 486 149 0 660 436 1013
39 0 19 1505 1097 296 0 382 0 0 0 0
0 99 0 0 0 802 618 0 359 1178 366 0
0 0 0 368 0 0 220 586 857 0 581 1346
0 449 353 0 0 266 119 0 0 269 524 0
808 0 1072 0 381 0 0 211 0 506 0 101
0 0 0 728 0 529 1093 433 1272 0 326 0
1103 596 1193 11 1459 0 0 0 0 0 0 391
0 210 191 0 0 0 1031 0 0 224 25 116
288 0 0 0 0 617 0 175 1111 148 1029 0
670 0 0 1119 0 0 0 488 289 0 412 101
496 238 1421 0 504 0 0 0 0 181 0 56
0 12 0 431 0 145 427 0 1514 0 442 0
0 0 1390 0 1317 0 985 71 0 1507 0 672
249 866 0 1593 0 787 0 0 1475 0 736 0
698 0 912 0 367 232 0 306 0 1087 0 0
0 0 749 982 0 0 1277 39 0 0 1219 1305
1880 0 0 0 0 716 0 860 1764 856 11 0
0 0 304 374 1884 170 75 442 0 0 0 0
0 0 975 0 0 0 1147 129 0 947 322 266
1098 739 57 1068 0 0 0 0 0 0 781 86
0 1007 0 0 0 289 1611 0 360 251 81 0
117 0 0 0 0 0 0 490 950 990 106 520
1479 364 0 338 488 0 0 0 48 0 0 110
0 0 1532 796 0 1213 1665 954 0 0 1105 0
996 715 0 52 1506 0 0 0 443 0 0 435
0 0 655 0 0 696 1062 1061 0 52 1372 0
805 1565 0 392 1262 0 0 0 863 0 0 231
677 0 0 0 149 0 0 1513 607 184 0 596
374 1427 1042 0 0 0 0 0 0 842 151 781
0 0 0 1212 0 372 1511 276 471 0 1200 0
508 0 351 0 293 1232 0 1450 0 1341 0 0
0 1723 0 975 0 0 599 0 299 0 369 683
851 0 0 0 1087 661 0 1206 34 17 0 0
0 911 0 0 343 0 389 0 591 864 0 826
833 0 0 349 0 0 0 1314 164 0 39 499
0 1441 481 604 0 32 752 0 0 0 958 0
0 0 600 0 970 0 893 1290 0 177 0 84
230 1214 0 0 171 0 0 0 83 458 0 505
1637 0 0 0 0 660 0 1044 990 736 467 0
0 0 1433 1739 470 0 1383 57 0 0 0 119
0 131 0 0 7 715 155 0 64 612 0 0
1170 336 0 0 0 0 0 0 943 1235 351 714
0 814 854 1601 0 0 906 0 0 0 776 216
408 0 0 0 1236 959 0 747 925 288 0 0
58 0 165 0 0 0 0 446 0 504 811 1057
67 772 497 894 0 1095 0 0 0 0 912 0
433 0 0 0 0 34 0 1095 368 174 6 0
0 1114 173 255 999 380 40 0 0 0 0 0
0 0 55 0 776 0 387 61 0 1230 0 1265
20 256 0 0 0 864 0 0 585 504 368 0
0 0 0 919 0 0 541 925 315 0 1307 504
87 1204 915 0 0 0 0 0 0 95 72 282
845 0 314 821 1720 144 0 1268 0 0 0 0
0 1017 0 110 0 374 453 0 532 0 1214 0
0 0 0 0 0 0 848 526 221 422 98 723
930 0 0 0 304 0 0 668 533 1084 0 273
447 0 1208 1020 0 1459 0 277 0 0 500 0
0 797 0 344 698 0 616 0 884 0 0 107
0 0 567 0 0 217 60 16 0 484 826 0
0 0 668 609 535 0 39 624 0 0 0 645
553 427 0 0 654 533 0 0 1334 363 0 0
252 0 513 178 0 0 0 475 0 0 583 161
113 459 0 0 0 0 0 0 384 962 376 762
0 150 1116 565 1168 757 1653 0 0 0 0 0
205 759 270 0 0 300 0 0 0 1169 1077 0
97 0 0 1339 824 0 0 403 1378 0 0 495
0 0 0 0 0 347 151 1258 267 671 1125 0
1019 524 885 146 319 0 0 0 0 0 0 756
0 0 0 0 0 0 669 408 222 557 268 603
390 0 221 1593 1536 346 0 5 0 0 0 0
0 320 0 0 0 0 882 0 794 1687 1823 221
1044 1263 0 0 0 665 0 0 200 90 17 0
0 74 674 1077 1044 0 76 0 0 0 0 351
754 0 1008 0 573 0 0 1054 0 1246 0 123
0 249 0 1991 0 114 1610 0 1098 0 1322 0
1397 0 424 0 1457 222 0 413 0 1270 0 0
0 244 0 758 0 0 882 0 347 0 366 514
1067 0 0 275 0 763 0 663 329 0 1020 0
0 1236 915 0 1589 319 917 0 0 81 0 0
768 222 504 0 0 0 0 0 0 1054 1828 761
0 0 0 1030 744 0 950 525 1107 0 0 191
0 0 692 0 0 721 749 852 0 1580 109 0
951 1663 306 192 305 596 0 0 0 0 0 0
0 0 0 1019 0 0 666 230 125 0 588 1060
1043 271 0 0 450 0 0 0 512 81 0 707
515 0 257 150 0 1531 0 1809 0 0 581 0
0 118 0 0 0 0 907 0 810 11 44 1552
458 167 483 0 664 953 0 0 0 442 0 0
84 870 0 0 332 0 0 0 112 744 0 923
0 656 0 749 0 1538 223 0 415 0 944 0
0 0 0 943 1360 0 358 298 280 0 0 683
775 0 1193 0 0 0 0 348 0 533 1158 333
0 0 0 0 0 27 19 1261 583 422 441 0
0 1752 432 0 756 0 260 0 0 381 0 550
0 0 193 592 325 709 18 100 0 0 0 0
0 0 382 0 0 781 646 286 0 367 1101 0
0 0 0 1023 0 0 36 96 1625 0 43 1267
1190 0 60 0 1635 582 0 1098 0 1057 0 0
0 902 1056 1084 0 797 672 0 0 0 1195 0
18 107 0 0 1052 0 0 0 1282 265 0 1176
0 471 1649 0 202 544 22 0 0 965 0 0
359 0 0 1210 0 540 0 1489 872 0 86 0
0 1696 476 0 0 0 720 0 0 1377 150 544
0 0 0 0 0 0 145 1034 612 9 1022 249
66 0 0 0 229 1058 0 668 480 51 0 0
97 1557 1684 113 433 0 0 0 0 0 0 779
1023 0 0 1186 142 0 0 789 747 0 0 276
0 495 0 184 0 6 509 0 708 0 287 0
0 55 270 0 0 0 940 0 0 1558 925 786
267 0 0 1728 1223 950 0 383 692 0 0 0
0 0 1465 0 485 0 82 851 0 956 0 212
0 1131 0 0 0 526 59 0 358 243 572 0
1302 472 0 682 0 0 0 0 493 0 642 595
0 0 0 0 1067 0 1746 49 328 1398 0 593
1312 0 173 842 0 920 0 237 0 0 148 0
0 0 1295 758 201 0 1217 1262 0 0 0 731
0 24 0 0 0 190 234 0 1347 432 920 0
803 174 541 679 0 659 0 0 0 0 796 0
479 68 419 0 1388 0 0 0 0 1588 0 347
396 237 0 1320 356 0 0 0 834 0 0 605
0 0 0 0 0 1548 921 719 291 1095 181 0
0 119 0 0 0 0 629 0 144 484 1253 1034
623 693 1531 1609 0 0 0 0 0 0 291 669
584 251 0 0 1407 1871 0 0 1198 675 0 0
0 0 0 247 0 0 1077 141 370 0 458 759
780 0 1343 0 0 0 0 181 0 885 224 868
437 1084 0 750 1098 698 0 0 1072 0 0 0
0 49 779 0 0 672 649 0 0 59 1324 0
0 0 121 619 604 0 759 1194 0 0 0 300
436 646 646 0 0 270 0 0 0 850 572 0
635 0 0 0 1104 0 0 770 192 14 0 634
759 991 8 0 0 866 0 0 0 676 160 0
0 283 0 71 479 0 741 0 747 0 0 1514
9 0 0 1456 0 1052 0 1592 134 0 196 0
182 1016 359 0 0 0 0 0 0 1081 146 874
0 0 0 402 309 836 1239 1054 544 0 0 0
1604 950 655 0 0 0 0 0 0 365 456 868
94 0 0 1034 0 0 0 407 746 0 1136 53
0 942 186 0 1427 0 692 0 0 79 0 243
0 0 0 0 0 0 441 1762 418 901 1012 14
1173 1059 1408 329 119 251 0 0 0 0 0 0
0 0 0 917 0 975 79 517 79 0 498 0
0 438 0 0 1253 0 192 0 1221 1378 0 236
0 889 1239 0 0 0 1343 0 0 154 649 716
1269 0 0 1461 807 0 0 271 1288 0 0 234
476 0 301 0 0 894 0 864 0 1247 1299 0
0 0 1105 1349 547 0 1550 434 0 0 0 786
1532 0 0 0 0 795 0 324 692 1021 208 0
0 938 0 0 0 440 1266 0 683 422 555 0
1225 329 1449 0 1137 0 0 0 0 124 0 832
0 0 0 0 0 1152 923 1080 1075 295 1275 0
109 993 719 1773 159 0 0 0 0 0 0 1341
0 0 347 0 0 1067 187 422 0 1479 31 0
993 448 0 873 714 0 0 0 1306 0 0 362
0 0 1018 0 0 0 945 118 0 765 557 997
536 268 0 966 887 627 0 0 983 0 0 0
0 0 0 290 0 692 488 103 90 0 1050 0
498 702 101 0 70 0 0 0 0 56 0 306
185 0 857 0 0 0 0 1367 0 1650 331 1116
252 1287 311 728 243 1631 0 0 0 0 0 0
0 0 0 496 664 0 1574 934 342 0 0 220
0 247 0 0 199 448 226 0 229 850 0 0
1262 89 0 1197 777 0 0 0 569 0 0 238
36 0 397 0 0 0 0 501 0 1233 332 704
0 837 0 1290 0 82 57 0 1041 0 599 0
66 0 518 0 649 0 0 1089 0 1483 0 308
0 1140 1345 775 0 832 1258 0 0 0 1471 0
1517 0 0 293 723 324 0 640 1142 0 0 0
0 543 0 0 880 0 1194 0 657 1217 0 1039
198 0 1668 1455 0 328 0 929 0 0 334 0
620 0 0 0 0 365 0 121 820 1080 1148 0
0 637 0 458 504 0 198 0 354 0 0 1464
0 48 0 0 200 37 773 0 438 740 0 0
915 0 489 718 0 881 0 477 0 0 950 0
0 761 1207 17 1845 875 628 0 0 0 0 0
0 282 0 83 0 0 473 0 1862 0 750 529
1388 0 1579 0 428 562 0 1233 0 448 0 0
0 289 0 1347 0 0 239 0 1388 0 1253 937
0 0 684 0 917 505 1080 322 0 1196 0 0
1662 1347 0 1154 0 367 0 0 806 0 781 0
0 0 1844 0 1023 0 1773 1471 0 728 0 462
41 1250 0 384 0 0 0 0 1222 0 888 502
1427 155 0 0 0 816 0 0 227 805 77 0
0 0 582 729 736 0 288 1626 0 0 0 38
0 151 547 0 0 120 946 0 0 1121 933 0
0 1591 0 623 1150 0 130 0 1422 0 0 888
937 0 1675 739 0 798 0 305 0 0 672 0
0 0 0 0 0 0 1034 148 1383 441 21 1352
56 0 770 0 1032 1194 0 961 0 1132 0 0
1571 720 0 1360 0 0 0 0 518 0 1282 718
0 0 1143 0 1152 1088 396 671 0 1075 0 0
0 0 120 1031 0 0 729 200 0 0 1190 54
1194 1298 0 0 566 0 0 0 584 476 0 1637
0 0 11 0 409 1328 503 618 0 39 0 0
0 0 405 0 0 0 1093 994 0 212 801 1092
746 399 64 0 782 1347 0 0 0 560 0 0
570 1310 0 852 0 0 0 0 258 0 164 604
188 0 138 0 82 0 0 398 0 537 0 1073
0 209 0 433 0 1308 1255 0 1323 0 1264 0
0 0 1220 257 799 0 166 917 0 0 0 974
53 1309 0 0 154 495 0 0 1010 651 0 0
1284 0 495 1271 650 0 0 1319 0 0 0 596
0 667 0 0 0 693 1505 0 740 1007 1248 0
1373 0 944 676 1128 0 0 439 0 0 0 635
0 0 0 461 0 194 1346 638 1207 0 96 0
1736 778 1415 0 442 1252 0 0 0 291 0 0
0 0 340 0 0 0 268 735 0 962 1523 343
0 1164 0 931 1604 0 1563 0 363 0 0 814
1714 512 0 0 0 845 0 0 1142 1405 991 0
0 0 1312 965 594 0 122 1355 0 0 0 657
0 473 0 106 0 50 318 0 1336 0 397 0
0 35 993 0 0 0 336 0 0 1166 948 191
0 311 412 1832 1104 0 84 0 0 0 0 761
505 0 0 0 669 1444 0 332 1250 292 0 0
0 0 159 0 0 0 1291 155 0 921 1410 385
511 0 0 14 1344 0 0 692 582 0 0 437
874 326 597 653 0 27 0 0 0 0 1635 0
0 149 512 0 493 0 470 0 0 703 0 312
0 681 0 1306 714 807 1080 0 980 0 0 0
1143 0 101 0 0 506 0 92 0 714 1299 0
0 0 1419 0 1735 0 489 746 0 765 0 148
764 1393 0 0 0 0 0 0 1641 305 1436 1083
194 0 513 407 0 1472 0 1223 0 0 224 0
243 844 0 1318 700 51 0 0 59 0 0 0
0 0 693 0 0 0 188 592 0 1535 318 1135
0 0 0 217 1142 380 1472 858 82 0 0 0
994 375 0 1143 0 625 0 0 547 0 1656 0
619 0 659 0 1689 0 0 261 0 245 0 1708
0 1115 2 0 0 1029 1015 0 0 262 98 0
0 0 0 0 0 0 53 981 1022 711 721 474
0 1290 0 235 0 1201 567 0 13 0 963 0
48 0 1502 0 1136 0 0 1090 0 159 0 925
945 1056 0 0 577 824 0 0 1053 10 0 0
0 0 56 0 0 0 1127 400 0 429 1006 445
987 0 1032 1304 734 14 0 1159 0 0 0 0
0 1793 164 223 0 0 567 0 0 0 1215 1205
182 0 0 0 363 847 0 46 924 557 0 0
60 0 0 0 1305 0 0 1045 239 786 0 322
0 0 0 508 0 601 76 199 499 0 1829 0
0 910 0 0 1101 0 622 0 266 609 0 1034
810 0 1132 911 0 1625 0 213 0 0 542 0
570 0 0 686 0 52 0 515 355 0 673 0
0 102 0 0 433 0 152 0 111 916 0 246
0 0 0 298 731 0 529 818 116 0 0 478
844 737 0 0 96 0 0 0 194 553 0 462
0 491 0 508 0 0 647 0 44 0 263 625
831 715 932 0 0 1335 0 0 0 1047 15 0
0 0 649 576 826 0 699 654 0 0 0 940
0 280 0 647 77 369 848 0 951 0 0 0
160 311 589 0 0 877 0 0 0 1232 258 0
1074 0 0 650 0 0 0 386 818 0 1298 1710
235 252 0 0 1060 666 0 0 665 667 0 0
0 0 1912 1726 0 0 1165 880 0 0 370 85
0 0 0 0 0 0 459 245 1431 639 550 402
1389 221 377 0 0 972 0 0 0 570 208 0
0 866 254 0 405 0 114 0 0 354 0 307
668 0 120 1388 759 91 0 450 0 0 0 0
0 0 243 0 0 0 1226 411 0 1495 974 833
943 898 1 503 0 544 0 0 0 0 217 0
0 0 0 1230 431 726 853 87 43 0 0 0
0 0 0 0 541 0 138 692 611 722 0 536
658 994 0 0 606 0 0 0 696 795 0 477
0 0 412 0 0 299 1138 916 0 294 1222 0
1592 0 0 181 779 0 0 67 407 0 0 701
0 529 134 432 0 1315 1015 0 0 0 587 0
54 0 116 917 198 145 0 1295 0 0 0 0
0 57 314 0 64 0 404 0 0 659 0 1096
0 144 51 738 0 524 178 0 0 0 339 0
0 9 386 0 796 0 117 0 0 241 0 98
1015 232 761 297 27 0 0 0 0 0 0 291
765 281 0 0 0 64 0 0 340 791 1123 0
0 542 0 1029 155 862 987 0 195 0 0 0
89 0 0 0 1023 0 0 713 225 397 0 1241
0 0 0 0 0 1177 663 92 70 1106 241 0
466 544 0 95 0 0 0 0 856 0 85 720
0 484 1218 363 354 785 631 0 0 0 0 0
550 0 230 796 0 0 0 1082 0 0 111 937
1004 750 0 0 0 1237 0 0 205 566 662 0
0 0 0 0 227 0 82 955 978 680 0 1008
0 1395 1316 364 553 0 1130 0 0 0 0 508
352 0 0 663 0 1613 0 1681 500 0 1150 0
0 732 0 519 342 0 240 0 127 0 0 198
166 0 78 0 159 0 0 440 0 972 0 492
650 143 298 346 0 0 0 0 0 0 497 347
0 231 0 207 936 0 771 0 638 0 0 273
284 361 497 0 0 718 0 0 0 570 625 0
729 0 98 476 374 557 0 416 0 0 0 0
0 0 421 435 0 0 145 611 0 0 671 1704
0 1743 0 0 1181 0 604 0 158 1180 0 7
886 0 0 420 0 1500 0 498 152 0 1235 0
0 0 0 0 189 0 841 1294 68 769 0 257
0 1029 250 268 831 0 136 0 0 0 0 592
0 0 0 0 39 0 692 501 1463 506 0 693
1349 897 0 1143 397 1819 0 0 230 0 0 0
0 0 1349 0 0 23 687 38 0 472 297 0
0 0 0 716 0 51 393 700 1487 0 242 0
913 845 980 0 332 0 0 0 0 673 0 1897
0 0 463 790 0 1676 107 851 0 0 214 0
0 922 127 0 0 22 639 0 0 28 74 0
553 0 0 0 0 0 0 1450 1459 104 780 1056
0 622 1053 0 684 857 876 0 0 706 0 0
1542 371 0 0 241 0 0 0 636 583 0 1221
0 247 0 1709 14 869 444 0 425 0 0 0
596 0 1108 86 157 0 0 752 0 0 0 40
0 791 491 0 0 382 327 0 0 1451 899 0
298 0 0 0 847 0 0 846 1605 384 0 194
0 680 161 1730 0 0 1294 0 0 0 233 1284
211 0 0 0 0 689 0 778 249 1508 276 0
0 31 1920 1040 0 450 662 0 0 0 727 0
969 1004 0 0 704 0 0 0 1540 457 0 462
0 0 1165 540 606 0 2 650 0 0 0 556
515 220 0 0 0 484 0 0 1061 207 538 0
0 0 835 0 590 655 118 57 0 720 0 0
28 0 337 1261 0 0 0 787 0 0 1622 1189
0 101 0 0 883 1133 1546 0 980 1179 0 0
407 419 1087 473 0 0 0 0 0 0 913 240
603 434 0 0 1326 0 0 0 1791 198 0 44
0 27 568 0 0 0 796 0 0 793 76 43
471 0 1064 1577 0 0 0 934 0 0 1057 827
1015 753 0 0 719 239 0 0 4 134 0 0
182 774 0 0 0 1571 0 0 893 511 104 0
0 0 231 0 10 46 110 1529 0 190 0 0
0 0 0 1069 0 0 776 241 729 0 299 1195
375 1084 0 0 21 636 0 0 117 826 0 0
0 0 510 0 641 0 629 781 0 434 0 317