50 97 4 47 21
27 20 769078576
14 30 37548838
21 30 108830057
3 48 680298362
23 33 428248940
26 21 167696399
36 28 80471010
40 10 201320962
13 26 269327938
40 2 639646857
39 50 77618720
36 32 554962231
33 32 599198992
10 25 890529864
8 49 289871066
33 40 257882027
42 22 15827030
50 39 787394105
16 30 443907259
8 40 320187274
50 27 913210072
7 11 691660265
18 29 377207051
28 30 833796226
29 6 464613817
46 49 426529538
15 23 830825100
16 7 991342905
6 33 775240417
31 15 750887256
35 28 572760670
6 23 346991470
3 14 819854770
16 42 145446304
2 39 845400362
27 44 69400737
1 25 274805169
3 15 307830828
49 43 177652081
37 34 492584102
32 49 85951713
43 50 666957500
47 37 473102947
3 43 33745672
43 41 632550053
14 24 906745452
25 19 150444026
39 36 988808748
18 35 792423887
3 1 914524614
46 3 337159606
11 18 554998959
19 13 98830357
21 20 624313823
30 40 68264285
14 29 223892736
38 1 121225744
3 17 452793492
47 41 825522417
4 9 235815885
39 29 323940365
17 47 36744344
3 8 339842399
1 22 791698478
3 47 464005840
12 4 442571842
34 45 371873414
25 13 249274386
44 41 495414212
3 44 140583839
38 48 300780884
11 13 245021312
17 42 159962930
31 16 667904531
18 50 611014397
31 35 576719237
27 30 674756318
11 30 66968096
5 31 539052805
24 27 608301789
11 26 514349249
3 32 3418217
17 35 365056775
41 2 503881949
6 12 542166450
3 20 688821045
7 3 940800114
45 5 865064279
36 3 558586469
50 14 808705468
3 36 829574958
8 32 426863718
11 37 489260690
28 12 530092505
18 38 524275865
24 30 362809634
9 46 794077853
