100
2 60 61 72 85
2 55 43 85 63
2 39 30 44 90
1 97 28 384
1 80 82 529
1 57 40 926
2 8 9 34 65
1 37 84 958
2 15 88 88 98
1 80 81 462
2 68 12 79 73
2 15 54 59 95
2 11 42 53 48
1 19 78 737
1 22 57 136
1 33 62 150
2 23 39 62 95
2 45 36 69 62
1 91 70 100
1 97 67 654
2 18 13 22 36
2 32 33 61 37
2 4 64 44 99
2 11 21 66 64
1 100 66 582
1 42 47 475
1 63 16 339
1 68 66 318
1 78 20 950
1 67 83 14
1 63 84 674
1 98 98 879
1 51 98 56
2 46 2 74 4
1 29 98 121
1 30 49 119
2 32 42 89 92
1 22 70 566
2 27 51 87 53
2 10 9 93 58
2 28 1 32 67
2 14 72 65 85
1 27 19 398
2 3 17 56 83
1 1 15 678
2 28 29 71 74
2 25 58 44 76
1 60 90 573
2 23 69 90 96
1 45 85 979
2 12 77 30 82
1 40 68 882
1 59 32 882
2 59 66 70 73
2 54 24 96 65
1 43 62 607
1 2 48 302
2 29 30 67 39
2 43 14 75 88
1 30 10 570
1 60 56 575
1 66 97 653
1 44 23 897
1 37 10 436
2 27 54 90 81
2 11 10 45 92
1 72 47 999
2 15 4 91 87
1 51 62 167
1 78 85 865
2 42 14 57 41
1 7 99 698
1 46 43 723
1 87 37 976
1 86 24 12
2 36 73 95 75
1 34 53 490
1 34 20 180
1 18 80 464
1 88 35 945
2 61 4 71 60
2 17 6 51 63
2 24 94 70 100
1 62 68 536
2 59 74 76 97
1 56 40 213
1 23 19 219
2 57 46 74 50
2 23 9 69 26
1 6 44 488
1 89 70 977
1 62 18 543
1 86 7 744
2 46 54 48 68
2 72 47 90 100
1 46 67 907
1 14 3 230
2 33 39 89 91
2 33 52 59 84
2 1 28 88 32
3
