20
4 1 15 16 10 19 2 7 20 17 11 8 3 13 12 5 14 9 18 6 
1882729758211667581 40637883452074352 2016362603793942246 71930102928068091 1286942883846848084 1288876262747802232 1977601171785445346 2230889354950631986 1160736137108368408 1446634549236767863 576935488563702388 1844922050862043742 2237468644687078689 1108995001787451362 760468406243731663 1415686846365256691 1169755586705529887 1042900740126407448 1884333896011820554 1957659244064198957 
6 4
15 19
7 2
14 3
19 18
1 19
14 17
16 20
12 19
13 5
12 9
15 11
16 9
9 8
14 9
9 10
16 7
13 6
13 16
