100 168 100
1 79
1 41
79 22
22 94
22 66
94 34
66 86
86 97
86 46
86 91
91 64
91 19
64 9
64 87
19 78
78 17
17 75
17 45
45 54
54 96
96 5
96 99
96 3
5 7
3 98
7 90
90 26
26 58
58 13
58 50
50 73
13 57
50 61
73 67
57 82
61 31
82 100
31 16
16 77
77 70
70 23
70 52
70 72
52 83
83 33
72 71
83 65
65 24
71 32
32 89
24 39
89 80
80 12
39 14
14 51
51 81
14 68
51 49
49 56
68 43
49 40
56 28
43 88
40 84
28 29
29 63
84 47
63 92
47 10
10 2
2 48
48 60
2 4
60 38
60 59
4 36
38 62
62 93
93 30
62 11
93 8
11 95
95 35
35 15
35 42
35 18
18 37
18 25
37 20
20 69
25 74
69 21
74 27
27 53
53 44
53 85
44 76
44 6
6 55
20 53
74 20
36 38
19 97
60 36
56 29
81 49
27 21
85 44
94 41
80 39
24 83
73 58
29 47
48 4
59 48
44 69
80 14
66 79
75 78
40 81
46 34
24 14
75 96
2 29
80 32
14 43
85 76
84 88
64 86
54 5
47 63
45 96
70 100
1 22
19 64
21 53
60 48
51 12
95 11
99 96
50 67
74 18
70 71
64 78
39 65
67 31
65 33
20 42
31 77
40 68
72 23
66 91
27 85
18 95
19 17
73 13
4 38
77 67
56 84
85 69
81 51
37 25
78 97
21 85
66 97
35 8
5 3
48 2
78 21
32 23
66 95
5 39
60 45
38 39
100 10
39 74
59 10
44 67
33 34
77 83
30 98
44 62
95 65
62 4
22 34
19 74
23 11
6 70
30 51
9 76
77 39
78 85
96 51
76 71
76 61
29 61
68 45
45 51
89 83
32 2
26 73
19 89
64 35
86 63
37 52
13 14
53 81
43 80
84 79
85 91
62 91
81 88
20 93
67 21
33 87
66 30
27 76
2 73
16 62
67 26
84 52
2 26
57 98
10 77
87 65
64 82
81 26
45 38
99 77
62 79
72 65
96 1
33 48
1 65
13 65
92 5
57 42
97 82
55 16
87 10
97 17
26 31
98 39
43 92
56 8
74 47
64 63
57 61
4 81
43 95
96 41
74 41
49 47
20 36
65 75
35 70
74 23
66 98
42 28
53 100
31 52
52 40
68 4
84 53
62 72
6 32
61 83
6 43
