100
2
12
36
80
150
252
392
576
810
1100
1452
1872
2366
2940
3600
4352
5202
6156
7220
8400
9702
11132
351
2055
3905
5907
8067
10391
540
3210
6062
9102
12336
3425
7065
10917
2642
6936
11460
3875
8877
1782
7286
705
6735
692
7272
1791
8945
4050
11802
7517
3546
12240
8915
5922
3267
956
11340
9735
8492
7617
7116
6995
7260
7917
8972
10431
12300
2240
4947
8082
11651
3315
7770
332
5697
11526
5480
12255
7167
2567
10806
7200
4100
1512
11787
10241
9225
8745
8807
9417
10581
12305
2250
5112
8552
231
4845
10000000
