82 4625
31287 13613 11703 3267 1744 16265 7024 17779 24183 7602 4825 26066 13515 4767 29080 8510 19145 2600 10168 19690 28897 25289 27224 6088 28495 1187 32416 31149 18600 27075 12538 7600 2739 31655 19582 19411 8571 27134 9901 5605 24738 24240 4963 19366 14072 13086 21767 31277 16460 2731 23813 31367 10627 30331 28798 21409 6887 1659 1342 29543 7361 27553 27374 814 10793 3957 5258 23375 26141 17616 5654 23061 9937 30179 10893 8666 19270 29564 22043 620 3870 18821 
2 68 19
2 45 14
2 82 47
1 82 6157
2 35 16
2 35 18
3 22 35 389
1 71 3924
3 46 63 11484
2 77 12
1 74 5054
2 63 12
1 53 22878
1 26 22455
1 46 19857
3 63 28 20502
2 40 21
3 57 81 19210
3 43 76 16882
3 28 50 23135
3 25 47 17267
3 64 63 27258
2 31 38
2 57 51
2 76 16
3 68 65 9058
3 37 5 17116
2 21 75
1 75 31343
2 12 9
1 53 1582
2 19 34
1 46 12990
1 4 10976
1 36 15149
3 27 45 32135
2 1 82
2 33 57
3 27 7 23692
3 51 3 28136
1 36 5278
3 68 4 14822
1 26 26461
1 12 6556
3 16 72 16871
2 3 1
2 82 59
2 26 72
2 52 50
2 80 45
1 28 31515
1 67 27120
3 63 33 12588
2 62 10
2 25 9
1 74 27890
1 46 1708
3 31 70 6619
3 9 14 27446
1 81 22702
3 72 31 7525
3 51 55 24624
2 29 68
1 67 27297
3 19 66 32233
3 59 64 10078
3 1 77 10913
3 76 15 912
2 34 7
2 77 71
2 74 43
1 75 12207
1 74 30824
1 35 2089
2 7 35
2 5 22
2 79 50
2 64 9
2 77 47
1 38 7647
3 79 40 2404
2 60 62
2 20 77
1 44 27405
3 82 20 9562
3 62 18 31362
3 74 37 3686
3 24 51 27998
2 29 37
1 54 13804
3 35 34 30625
2 3 68
1 7 20914
3 47 31 30148
2 8 36
2 6 3
3 15 45 5542
1 27 2051
3 76 49 8038
2 40 47
1 65 32319
3 8 62 24685
2 5 22
3 78 54 14291
2 11 61
3 39 37 16981
3 23 25 28061
1 43 17406
2 82 14
3 20 77 19616
3 67 8 25856
1 16 7393
3 46 72 5934
1 3 29489
2 56 40
3 40 26 16855
3 3 42 17177
1 77 10892
1 81 8125
2 73 68
2 64 36
2 60 27
2 67 71
2 61 41
1 3 17624
3 7 71 14404
1 70 21043
2 7 73
2 18 37
3 48 77 27995
2 49 14
3 7 6 25168
1 27 11872
2 26 76
2 52 77
3 34 51 17041
2 37 29
2 1 6
3 53 23 981
1 13 15963
2 35 46
3 9 56 8228
2 33 31
3 46 5 4096
2 75 77
1 73 32484
2 64 3
2 56 44
2 5 8
1 22 21237
3 40 70 28416
3 63 59 26042
1 18 645
2 74 62
1 50 3211
3 16 40 10060
3 75 43 17557
2 32 14
1 57 14439
2 78 41
2 27 37
1 1 4371
1 22 11703
3 68 57 10101
2 10 20
3 68 69 372
1 32 8955
2 30 24
3 51 31 31833
3 79 42 13140
1 54 401
3 20 52 7473
1 27 13515
2 12 76
1 75 31013
3 45 33 21229
3 76 54 24389
3 4 32 3272
1 64 22815
2 58 10
3 20 13 23300
3 77 63 23307
1 65 20378
1 37 28197
1 25 15692
3 53 39 31908
3 20 57 20983
2 6 6
1 6 17404
2 76 52
2 73 77
1 69 1612
3 12 65 31337
3 9 63 2425
2 33 47
1 23 12113
1 54 29378
1 3 12063
3 55 23 4109
3 63 39 10942
2 23 74
2 26 67
2 72 29
2 44 66
3 11 29 25986
3 23 31 27434
3 19 52 6383
3 24 25 3730
2 72 79
3 58 63 8194
2 4 67
1 17 11943
3 49 1 5095
2 46 4
1 64 23596
1 69 26829
2 53 48
2 12 3
1 69 19642
3 30 23 2085
2 27 8
2 61 37
2 80 61
1 59 3073
1 80 27080
1 66 4114
1 82 14813
2 40 65
1 35 6713
2 75 25
2 79 5
2 17 71
3 8 19 7986
1 75 29371
1 49 5141
1 19 28590
2 55 76
3 18 71 12861
1 46 24879
1 81 29658
2 5 12
1 63 26348
2 7 7
3 82 7 18560
3 29 7 22301
2 25 3
2 58 82
1 28 8777
1 31 15318
3 51 42 17993
3 47 56 17074
2 9 66
3 43 52 26172
2 78 58
3 63 13 4098
3 13 82 3116
2 38 40
3 13 49 32373
3 10 60 32038
1 35 15011
3 82 64 18395
2 12 75
1 40 29301
1 62 820
1 65 22785
3 4 64 6962
2 2 26
2 56 41
1 48 12139
2 36 22
2 26 27
1 24 22702
1 62 7219
2 80 72
2 16 14
2 3 6
1 82 4087
2 31 70
3 10 13 26342
2 59 56
1 43 18309
2 12 66
2 51 77
1 30 614
3 67 22 28889
2 79 21
3 66 79 16824
2 3 37
3 46 41 11948
1 42 15885
3 70 44 13897
1 44 18472
3 74 10 2797
1 47 317
3 71 24 22505
1 37 10709
1 20 27197
3 21 78 12234
3 59 17 20182
3 51 18 25041
3 77 20 17095
1 56 31137
2 21 33
2 71 18
2 70 34
3 12 42 10488
3 54 34 15359
3 69 44 4126
3 80 46 26552
1 65 31354
1 53 18399
1 16 30051
3 19 3 4823
3 21 44 12235
1 18 23872
1 50 1858
3 3 42 30333
2 65 63
1 52 11060
1 30 14808
1 59 30273
3 62 54 14461
1 64 17482
2 35 30
2 69 20
2 31 73
1 13 32391
2 80 23
2 79 14
2 54 30
3 34 51 24953
1 73 19550
1 73 25360
2 81 63
1 8 5837
2 47 73
3 43 20 20403
2 17 54
1 75 6381
3 16 15 3869
2 69 61
1 76 690
2 28 27
1 27 32248
2 18 58
1 45 28323
3 80 47 24701
2 57 23
1 21 10269
3 30 35 28208
1 52 7144
1 7 10882
3 24 71 23434
2 69 54
3 53 60 14532
2 5 68
1 69 28328
3 47 79 4364
3 55 39 12669
3 51 25 874
3 11 56 1749
2 27 48
2 80 37
3 62 77 1433
3 42 52 24458
2 73 9
1 11 15279
3 70 64 31672
1 51 15274
1 53 13595
3 61 48 28685
2 61 14
1 62 16975
2 37 48
3 33 41 4347
3 47 30 24626
2 56 64
1 56 23274
2 33 11
3 80 62 11558
3 69 24 20468
3 48 17 1904
3 22 31 245
3 64 78 4608
2 54 23
3 6 67 7917
3 13 55 21039
2 40 54
1 49 12686
3 20 17 14131
2 28 62
2 45 81
1 47 22097
1 4 902
2 28 63
3 27 40 17457
2 64 72
1 20 8484
3 28 66 5639
1 24 21251
3 15 42 30838
2 17 27
2 38 72
1 36 10761
1 42 3194
1 28 22059
2 73 57
1 60 31573
3 16 30 8198
3 82 44 1361
1 1 22916
3 32 27 22795
1 19 23141
2 10 24
1 24 19139
3 12 17 11566
2 35 71
3 49 37 19587
3 33 18 6520
1 47 18864
3 25 24 23981
2 21 61
1 2 8184
1 16 6341
2 37 80
1 74 13353
3 8 12 17644
1 79 11771
1 67 17936
2 66 22
2 66 66
2 28 20
1 66 24813
1 28 11287
1 72 22394
1 5 15020
1 22 10456
2 8 21
1 39 20665
2 58 18
1 80 29750
1 72 14369
1 74 4065
2 23 28
1 64 29243
1 25 28419
3 31 1 763
3 64 7 255
2 50 48
3 48 5 21446
1 14 23489
1 12 31729
2 82 17
3 4 80 27665
1 35 18934
1 38 24966
1 24 14134
1 12 9021
3 52 79 24734
1 76 10478
3 71 3 30185
2 67 45
2 18 30
1 78 21547
3 18 75 16646
3 71 6 23606
2 54 4
1 41 9681
2 42 45
2 61 53
1 82 10621
1 73 10950
2 55 65
2 71 1
2 43 24
3 19 44 18227
2 75 80
1 2 11328
3 42 82 23837
3 77 7 11295
3 30 26 18214
2 77 38
3 51 31 6647
2 62 47
1 49 17660
2 60 13
1 45 28096
1 74 28088
3 44 40 10705
1 28 8631
3 49 64 12609
3 66 12 13277
1 3 1668
3 6 72 5373
1 18 8890
3 36 71 11966
1 48 8538
2 32 32
2 60 1
1 1 22839
2 62 34
1 61 2842
3 20 43 23585
3 27 35 19583
1 37 5544
3 29 57 18238
1 59 6764
1 63 2914
1 72 27541
1 35 18029
1 60 20846
1 64 4183
3 57 21 8710
2 67 9
1 70 3138
2 56 77
2 31 27
3 7 25 9347
1 25 9673
3 10 79 26593
2 2 35
3 25 14 32712
3 33 35 23287
3 39 40 14178
3 55 66 19860
1 81 4987
3 47 4 5380
2 81 30
2 34 80
1 29 14156
3 66 23 30809
2 78 23
2 1 5
1 39 24839
3 22 69 24960
1 18 2198
3 76 71 21745
3 69 73 29365
3 60 70 9014
2 34 33
1 16 6486
1 6 29138
1 49 12686
3 30 25 26626
3 7 40 15414
3 9 17 18119
2 37 10
2 66 60
1 63 10679
1 7 23543
1 19 12606
3 72 53 31499
3 71 41 31021
1 58 23702
3 82 27 11777
2 26 72
1 34 8279
1 48 13049
2 41 18
3 26 26 14880
2 76 71
3 73 35 19149
1 68 13450
3 33 78 32734
1 25 1515
2 59 30
2 60 55
1 24 24537
3 44 61 11750
1 67 17268
1 18 12161
3 69 5 18716
2 13 25
1 37 22115
3 52 41 32521
1 64 26884
3 23 82 9890
2 20 66
2 62 65
3 81 82 13807
1 82 18752
2 16 82
3 12 17 28170
1 58 10729
3 31 69 28197
1 43 14417
1 70 31658
3 59 23 23431
1 73 9082
1 21 31232
1 15 21648
3 22 16 30544
2 78 37
2 81 26
2 3 2
3 21 6 15507
2 33 23
1 49 17922
3 75 48 16879
2 47 72
3 33 59 21522
2 15 57
1 41 328
3 10 47 2068
1 16 29565
3 66 1 10471
2 45 65
3 41 37 21268
2 76 66
3 37 38 329
3 39 68 12254
1 70 23898
3 19 23 16188
3 47 69 26865
1 4 25637
2 16 74
1 69 4601
3 1 66 25689
2 29 48
2 21 30
2 31 71
1 55 29612
3 53 37 28154
2 38 30
1 25 1441
3 35 18 17597
2 19 4
3 36 13 25115
1 64 3856
1 60 1773
1 66 20675
1 13 1407
2 13 47
1 37 676
2 30 39
2 71 64
1 81 2831
2 82 46
2 69 75
2 9 55
1 39 26455
1 72 7223
3 44 23 20930
3 69 19 4353
3 15 42 26696
2 67 33
1 30 20206
2 25 23
1 61 29584
3 20 21 8818
1 60 26436
1 81 10428
2 36 17
1 8 15022
1 56 4098
3 60 9 23208
3 62 5 13059
3 23 35 6405
3 14 67 17044
2 26 4
1 69 4548
2 34 79
2 80 26
1 7 24133
2 36 39
2 69 7
3 33 29 15952
1 6 28339
1 7 5585
3 27 81 15839
2 66 56
1 42 13653
3 76 29 14600
1 54 25260
2 74 61
1 68 8011
2 13 68
2 26 48
1 73 13484
2 33 52
2 21 13
3 63 26 25452
3 9 28 1425
2 50 52
2 15 10
3 18 40 5410
3 57 61 15816
3 72 54 1589
2 18 80
1 77 7469
1 22 30642
3 58 64 31959
1 41 17712
3 52 47 3956
3 13 17 15089
1 76 16910
1 81 27671
1 2 26354
2 33 78
1 8 1585
3 29 22 23744
2 2 73
2 68 73
3 69 79 2557
1 65 7092
3 51 75 30143
2 62 70
1 28 6384
3 30 15 7019
2 4 79
3 4 67 22886
2 28 79
1 78 15175
3 77 81 32384
1 33 1901
3 20 41 7423
2 43 27
3 40 47 11347
2 66 6
3 72 59 1233
1 56 13146
2 27 28
1 16 24621
3 3 21 1900
1 38 2185
1 64 12294
3 9 10 28962
3 61 61 20012
1 71 14687
3 1 71 31068
2 67 43
3 10 71 15858
1 79 15810
1 18 20127
1 11 26790
2 2 74
1 13 31881
3 17 8 21235
2 74 13
3 41 10 16786
1 18 10347
1 65 1018
1 33 15092
1 9 25929
1 19 30478
2 40 17
3 44 15 29624
1 48 24400
1 43 10772
1 52 14062
1 26 20827
3 74 77 9515
2 17 50
3 71 41 16901
2 38 20
2 63 26
3 31 10 22709
1 35 9912
2 64 26
2 26 76
3 65 2 18661
3 10 8 14780
2 54 33
1 1 14155
2 13 62
2 73 53
1 33 6116
3 20 53 10780
3 73 46 24730
3 10 11 31048
1 55 4654
2 24 38
3 62 6 980
2 66 8
3 28 22 27459
3 27 77 7323
2 19 42
1 78 22003
2 33 67
2 82 39
3 79 35 5588
1 30 32171
2 75 61
3 22 32 6660
3 53 30 4901
3 48 72 14062
3 14 5 22702
3 59 60 8856
3 4 43 12401
3 77 47 17036
1 55 7416
2 33 71
2 10 40
3 82 47 8261
1 77 31833
2 44 1
2 41 78
3 63 60 2969
3 14 6 30858
3 17 21 1677
2 80 69
2 7 35
2 69 12
2 50 62
3 8 41 11638
1 52 18463
1 43 20378
1 1 19199
1 20 17922
1 35 16106
3 57 4 28479
3 76 47 11191
2 40 52
1 18 16852
1 40 28019
3 2 32 27977
2 10 57
2 67 19
1 1 2104
2 46 30
1 8 28387
1 61 29503
3 82 29 12482
2 35 29
3 4 35 22503
3 46 2 24043
2 76 71
1 16 20736
2 55 29
2 80 49
2 44 13
1 4 17493
3 17 79 3521
1 3 25079
3 3 50 2904
3 54 41 19677
3 76 78 8988
1 16 6033
3 61 9 21890
2 74 36
1 35 408
3 36 3 23274
2 29 72
3 14 59 21513
2 11 44
1 34 4270
2 80 72
2 9 26
2 40 65
2 79 82
1 26 4282
3 16 50 18009
1 72 20581
1 5 17031
1 16 172
3 8 71 22211
1 55 23778
3 22 66 26032
2 78 63
1 34 21388
2 28 2
1 47 10234
1 8 24576
2 28 16
3 1 45 5424
2 16 63
3 51 59 21105
2 42 25
2 46 21
2 52 47
2 53 9
3 76 50 25213
1 9 15680
1 81 15399
1 13 10042
1 40 26025
2 15 26
1 45 27368
2 34 57
3 63 1 16473
1 45 31112
2 56 52
2 9 44
1 34 22752
1 67 25550
2 49 79
2 15 73
2 32 69
2 32 81
2 4 36
3 2 64 23776
1 61 29305
3 37 4 23411
1 52 15011
2 65 79
1 23 14045
2 7 62
2 21 14
3 53 20 25313
1 74 28655
1 76 5093
1 81 28674
3 67 42 5836
1 4 9274
3 71 78 24426
2 62 11
3 81 20 3292
1 5 7950
3 46 75 25281
3 3 57 27188
1 35 8834
2 80 31
2 22 41
1 19 10738
1 16 11487
2 82 46
3 61 35 4417
1 45 15933
3 21 82 13882
2 3 47
3 62 24 13249
3 54 28 15565
2 25 78
2 29 59
2 71 1
1 81 7311
2 10 45
3 64 80 32252
1 55 20865
2 33 62
3 70 49 16047
2 32 46
1 68 10810
2 20 24
1 63 3457
3 53 74 24019
1 48 24511
3 74 79 11917
2 76 79
1 21 705
1 6 27884
1 41 29094
1 58 30529
3 38 60 8427
2 32 47
2 21 67
3 58 61 24099
1 78 3142
3 14 16 21571
1 12 11718
3 44 76 16237
2 2 47
2 45 45
1 37 25856
2 29 13
1 44 24319
3 16 68 20690
2 72 80
1 51 28479
1 75 27600
2 58 15
2 68 42
2 2 30
3 16 74 2306
1 62 14607
3 18 17 26647
3 31 34 6755
2 6 32
2 62 72
3 18 75 29506
1 75 18703
3 81 70 25964
3 72 36 7791
3 76 29 13310
1 23 24416
3 32 77 28779
2 52 17
3 9 73 24874
1 42 23313
1 23 32286
2 76 67
1 64 5459
1 82 7154
3 73 23 21660
2 57 76
1 10 9898
2 9 52
3 47 49 23168
2 77 15
3 16 72 26214
3 11 52 26826
3 79 27 16641
1 19 17063
1 6 19379
1 72 10559
2 45 68
1 52 7752
3 45 19 28236
1 13 15635
3 71 77 30796
1 79 12115
1 57 31287
3 65 39 7112
2 68 32
3 71 76 5317
1 32 5015
1 79 11679
1 35 15757
3 48 73 28991
3 51 64 18663
1 62 21792
3 36 56 19399
3 22 46 20756
3 41 26 17353
2 51 33
2 69 54
1 76 28683
3 38 12 3616
3 66 57 20591
3 3 45 4036
1 40 13810
1 34 12639
1 21 637
2 57 75
1 22 3812
1 77 20
3 49 71 21652
1 30 2688
2 7 62
3 52 23 22954
1 76 5195
1 53 29126
2 29 29
2 62 30
3 49 21 25403
3 16 11 6185
1 14 26260
3 7 27 28342
2 6 20
1 40 3263
1 29 1627
3 65 14 24806
2 8 81
3 4 75 13710
3 32 39 13372
1 60 29449
2 44 3
1 50 10683
3 73 54 32734
1 54 23242
3 24 39 28678
2 5 18
1 73 23104
3 31 47 11951
1 60 11738
3 15 52 27563
2 81 30
3 79 23 9374
2 30 44
1 67 17170
2 4 68
3 46 31 26021
1 74 15062
3 19 21 11039
3 44 40 879
2 13 53
2 21 55
1 42 30693
2 37 22
2 15 59
2 9 27
3 77 46 5930
2 71 48
1 43 4009
2 46 32
2 19 60
1 14 24996
2 63 53
1 63 2174
1 40 10735
2 27 29
2 41 21
1 79 15714
3 23 80 30431
2 43 50
1 77 15235
2 62 31
3 45 30 24084
1 44 2783
1 7 15267
2 55 22
1 66 20960
2 63 23
2 31 52
3 35 3 5759
2 70 73
2 71 67
1 66 15049
3 2 4 1674
3 69 43 17083
3 64 46 8754
2 26 77
3 32 67 15890
2 13 4
2 41 7
3 34 38 21793
2 53 5
2 67 79
2 65 37
2 55 8
1 43 10981
2 15 67
3 62 62 25031
3 5 18 27521
2 21 19
3 69 22 9136
1 4 2877
2 47 72
3 29 4 11448
3 4 44 11434
2 34 46
2 19 72
1 73 25033
3 73 26 12956
1 63 18102
2 7 45
1 26 12450
1 53 27254
3 48 79 32160
3 29 40 29413
3 56 8 23766
3 17 55 28408
2 62 22
1 74 4189
2 31 65
2 17 47
2 4 61
2 81 5
1 35 19667
1 24 20791
2 82 53
2 46 12
1 67 1300
3 78 16 16491
3 35 5 8357
3 28 46 29597
3 24 32 13836
1 81 10157
1 45 26744
3 53 26 19095
1 20 22935
3 37 73 10276
2 55 77
1 52 23602
1 37 20240
1 36 9108
2 60 56
3 39 33 3582
2 29 24
2 41 36
1 49 7907
1 45 8499
1 39 1110
1 8 30249
2 41 21
2 33 54
1 22 23553
1 30 4168
3 34 63 12883
2 44 69
3 35 68 18299
2 33 37
1 38 14720
2 64 69
3 46 31 27718
3 80 43 635
3 19 35 19025
1 5 1578
2 3 20
3 25 8 4896
1 24 15527
2 64 35
1 32 17286
2 44 9
1 18 25322
2 59 2
2 47 41
1 45 17753
1 6 26540
1 40 23321
2 45 71
1 35 21661
3 12 65 31239
2 26 67
1 11 15235
3 8 34 28349
1 30 12687
2 66 13
2 57 24
1 68 27660
1 70 30574
2 13 30
3 52 34 6067
3 76 10 20151
1 47 880
1 23 15958
2 35 31
3 26 66 5377
1 44 13147
2 53 63
1 81 13490
3 40 65 11762
2 42 30
2 49 13
1 38 19703
2 75 56
3 29 34 17982
2 26 31
2 24 24
3 3 28 6325
3 3 67 23277
1 34 31140
2 78 17
3 39 40 5576
3 62 47 8010
2 49 76
1 13 5873
3 5 49 29034
2 57 68
1 80 2084
2 59 40
1 20 20448
3 80 78 6467
1 63 14164
2 5 60
3 58 73 10140
1 13 31505
3 53 47 12483
1 23 19304
1 39 32133
1 5 21089
2 71 51
1 20 19000
3 9 68 19579
1 38 25731
1 62 10064
1 15 27815
2 68 10
1 55 23798
2 20 59
1 54 23451
1 22 3239
1 39 17150
1 13 31127
3 80 42 21551
2 12 12
1 46 15344
2 73 73
3 61 42 3019
1 13 25911
3 17 77 5150
3 24 80 6638
2 44 28
2 70 18
1 47 19727
1 44 16185
1 25 16055
3 50 37 17577
1 6 23723
2 59 40
3 3 1 10090
1 21 19420
3 75 44 5878
2 36 71
2 67 5
2 36 61
3 67 23 19898
3 58 43 4729
3 13 70 18086
3 12 25 11677
3 55 73 10448
1 52 617
2 56 38
1 71 25336
1 20 6170
1 34 26774
3 54 12 27212
3 31 13 32530
1 9 32454
3 57 30 20479
2 52 67
1 26 29738
2 57 26
2 66 80
2 55 17
2 57 77
2 47 18
1 69 9872
3 69 81 18016
2 17 44
3 47 22 26129
3 8 71 28872
3 34 4 16642
2 51 68
1 63 27586
3 4 21 21904
3 68 24 12665
1 13 2699
3 77 67 24337
3 13 14 32366
1 32 1595
3 16 82 6038
2 72 52
1 41 12708
2 12 16
1 61 26160
1 54 6517
1 57 14806
3 62 46 10929
3 55 56 27927
2 30 60
3 11 10 11172
1 40 22447
2 3 52
2 58 67
2 35 70
3 61 32 32209
1 67 31932
1 68 8524
2 12 55
1 62 19367
1 50 15058
2 11 80
1 79 26085
2 2 17
3 47 52 25853
1 5 7175
3 78 26 32701
2 12 77
2 57 5
1 82 31898
3 1 52 27153
1 41 12439
3 28 77 21304
3 61 19 20371
3 26 79 4198
1 25 13833
1 68 18257
1 58 25238
1 77 2066
1 43 23536
3 28 13 32438
3 68 61 31066
1 61 90
1 69 22149
2 43 68
1 37 19326
2 12 30
1 2 26768
2 6 65
1 9 17618
1 35 13350
1 61 28773
2 35 48
1 18 32520
3 69 64 2370
3 81 25 5101
2 63 67
3 21 11 31091
3 46 29 26253
1 11 30073
2 6 48
3 30 57 27203
1 30 27940
1 71 30921
2 63 67
1 10 28714
1 69 30173
3 61 7 30340
3 24 50 15935
3 74 11 16682
3 65 79 12598
1 38 8543
2 65 73
3 27 81 1652
1 44 22485
3 9 6 23439
3 55 19 1969
1 10 9795
1 61 2381
2 11 71
1 65 6095
2 37 5
2 82 4
1 16 25823
3 71 12 6758
2 79 38
3 4 27 15681
2 79 68
2 6 9
2 47 18
3 61 1 15736
3 23 16 12123
3 60 11 20885
3 37 19 6757
1 46 12141
3 44 81 5163
3 40 58 27338
2 40 1
3 62 35 3436
3 21 43 31815
1 16 3880
2 78 27
2 54 38
1 33 31752
1 37 22926
3 48 53 4911
1 50 32145
3 76 82 7956
3 28 16 21652
2 66 61
3 42 66 15791
3 43 14 15168
1 27 21889
1 78 4121
1 31 4857
3 54 57 28032
1 28 2298
3 2 72 20707
3 21 49 2815
3 30 9 6536
3 71 40 15258
3 60 62 13583
1 11 7833
3 30 19 21250
1 45 21904
3 14 31 27235
3 24 31 2707
3 44 5 29858
3 55 39 10873
2 17 44
1 24 5388
3 36 44 3197
3 22 21 31955
1 81 16291
1 58 14691
2 16 40
1 62 21590
3 5 10 25405
3 62 41 5670
3 66 21 14605
2 70 31
2 55 54
2 74 81
3 58 32 2954
3 64 26 724
1 38 25431
1 11 21097
3 42 80 12221
1 35 30241
3 42 10 11775
3 56 80 28985
1 46 17599
1 2 20426
1 39 31949
3 31 16 26150
3 76 57 18292
3 64 74 15516
2 23 10
1 18 15041
2 16 46
3 17 13 31073
1 40 21235
1 48 3191
3 24 21 3671
1 37 15745
1 9 6316
2 16 76
3 78 29 20650
2 45 22
1 48 27620
2 76 72
2 68 35
1 52 14375
3 47 17 1120
2 46 41
2 57 10
1 32 5894
3 71 39 2087
1 58 31481
2 29 40
1 41 28860
2 4 9
3 31 64 29476
2 12 6
3 13 1 8994
3 1 6 18544
1 35 21849
3 46 41 21991
1 45 22688
3 26 49 19731
1 9 11691
2 79 3
3 37 26 18250
1 29 4268
3 40 69 20437
3 6 57 22718
3 37 59 24293
3 22 57 18779
1 27 6073
3 43 6 15660
3 30 33 27380
1 34 16350
2 16 13
2 68 43
3 2 82 12121
3 50 16 29994
3 75 54 26279
1 8 31281
1 47 32402
3 47 61 15288
2 16 28
2 80 15
3 48 8 19527
1 23 16458
3 56 22 32672
1 42 28760
3 40 18 8914
2 69 5
3 57 41 7920
1 17 15460
1 71 793
2 40 5
3 65 52 5551
2 47 39
2 8 49
1 13 26896
3 19 67 21322
3 26 28 12203
3 23 35 4203
2 58 20
3 57 5 66
2 32 27
2 41 43
3 81 39 30198
3 35 76 12604
2 36 59
2 12 52
3 81 21 31263
3 1 51 7163
1 37 10506
1 37 22282
2 9 1
3 24 2 17548
2 35 21
2 38 71
3 64 70 32122
1 49 27136
1 3 11731
1 72 20586
2 54 48
3 74 82 26894
1 54 16441
1 81 23499
1 74 29759
3 8 26 21608
2 16 58
1 26 13043
3 29 3 24528
1 28 24417
1 81 237
1 54 16227
1 29 26523
3 12 55 868
1 51 15365
3 14 8 12666
3 53 41 22388
3 26 55 19488
1 25 1908
3 61 18 780
3 41 34 21264
2 40 73
3 75 17 7835
3 16 34 18178
2 45 48
2 79 22
1 26 7857
1 64 30416
2 6 3
2 15 22
2 9 73
1 39 6403
1 49 17744
3 60 42 25873
2 26 45
1 58 16548
1 79 6465
2 16 24
2 17 82
2 52 29
2 57 32
3 69 47 28527
2 77 72
1 11 29272
1 29 7582
3 20 30 31099
1 43 20679
2 10 47
2 20 12
2 56 66
2 9 22
3 31 15 3061
3 51 6 7256
2 77 73
2 35 25
2 40 46
2 71 20
3 63 73 20807
1 64 21772
1 49 27653
2 41 60
3 21 75 15235
2 28 43
2 45 63
3 51 21 28149
3 60 76 13959
2 23 18
3 74 22 7437
2 30 79
1 49 5373
2 78 71
3 2 14 22405
2 49 72
2 70 29
3 63 66 8963
1 75 22329
3 24 25 21851
2 11 74
3 79 43 311
1 32 24390
3 37 54 7898
2 72 34
3 9 81 9753
1 31 29534
1 52 939
1 44 2988
1 38 13868
2 23 49
1 61 22073
2 53 23
2 8 49
3 37 33 14018
3 54 73 4840
1 77 26652
1 34 24831
2 19 43
2 45 44
1 6 3943
3 60 30 6278
1 60 7479
3 44 16 10728
3 9 29 21246
1 59 13277
2 34 61
1 73 12253
3 33 66 7003
3 38 14 696
1 71 29987
3 61 39 35
2 39 41
3 77 52 22983
1 68 372
2 80 63
3 58 71 19698
2 58 22
1 50 6352
1 62 9105
2 6 76
3 33 81 13005
1 36 18713
2 18 13
1 50 23423
3 29 21 17278
1 17 11019
2 6 63
2 61 1
2 57 82
3 19 64 28527
3 64 32 14241
2 6 82
3 14 5 13823
3 11 48 2309
2 50 55
2 53 34
2 72 10
3 6 82 31993
1 5 12906
2 31 62
3 34 34 26317
3 32 9 29427
1 53 15451
3 46 42 3731
1 13 14728
2 57 66
3 63 5 32445
1 65 6361
1 75 6354
3 9 28 11690
3 9 4 824
1 27 20044
2 55 13
2 60 76
1 42 12522
3 7 30 29597
1 30 8380
1 7 30710
2 57 67
2 37 73
2 25 44
1 26 22655
2 50 36
2 77 12
1 41 12013
2 21 22
1 68 2162
3 61 41 405
2 26 77
2 15 5
3 79 37 19256
1 62 389
3 14 14 22495
2 24 80
1 32 8649
2 37 28
1 30 18295
1 63 7761
2 24 49
2 35 80
2 65 30
2 24 3
3 33 23 2413
3 18 79 21755
2 36 6
1 70 3181
2 31 50
2 36 4
1 63 4327
1 60 32208
1 73 24440
3 78 67 24268
3 24 49 29780
2 29 38
3 18 2 10932
1 74 24011
1 32 4128
2 62 11
3 81 15 32624
2 69 3
1 17 26412
2 82 25
2 22 80
3 23 51 26752
2 53 68
2 61 15
3 32 69 29246
3 46 25 12598
3 39 29 31653
3 33 35 26063
2 74 31
3 69 39 6609
2 52 48
3 68 75 14481
2 33 64
1 25 25834
2 67 45
1 52 5185
2 48 11
1 7 24045
3 42 60 13569
2 11 34
1 6 10832
3 29 45 24605
3 33 11 7001
3 11 64 25286
2 61 65
1 23 29369
3 52 22 18582
1 21 4326
1 41 9460
3 16 35 16253
2 59 38
1 69 6640
1 40 7101
1 40 17568
3 22 29 23099
1 78 148
1 51 26222
1 80 21084
3 45 69 27980
1 38 17457
1 17 27736
1 36 21692
2 20 42
2 54 15
1 33 25078
2 48 60
2 18 54
3 60 46 21205
2 68 20
1 46 6158
3 4 45 26695
2 11 80
1 57 320
3 56 61 16552
1 70 28305
3 8 55 4939
2 24 2
2 82 57
1 26 22844
2 79 47
2 26 81
3 10 33 19753
3 19 14 2245
2 47 37
3 28 74 11048
3 25 62 30850
3 81 15 23209
3 78 49 14772
2 3 48
1 39 31190
3 2 48 5242
1 31 16021
1 41 31609
2 54 47
2 12 9
1 38 24624
2 59 5
3 70 37 17976
3 72 48 31370
1 81 32351
1 44 684
3 71 59 1227
2 17 41
1 29 7743
1 24 10279
3 26 33 32128
2 40 41
2 59 11
3 54 73 8406
2 5 16
2 20 18
3 46 77 23735
3 40 45 5358
3 15 41 16487
3 22 16 3202
1 40 20960
1 57 28887
3 53 8 11742
1 82 16439
1 42 27084
1 10 7007
1 47 2437
2 35 14
3 74 40 16023
3 19 82 30565
1 51 17313
1 50 28121
1 61 24115
1 28 12169
1 36 12193
2 19 59
3 16 75 31427
1 9 23136
1 64 28417
3 64 9 7415
1 38 9191
2 42 52
1 71 5108
3 26 55 29528
1 56 4193
2 47 19
1 2 30001
1 7 619
2 46 63
3 30 43 12800
1 59 5634
2 27 46
1 61 14211
2 26 4
1 54 20446
1 61 14275
3 53 79 376
3 25 81 12088
1 7 14049
2 3 77
2 48 75
1 34 12152
2 45 13
3 54 55 12938
1 11 10283
1 46 9721
3 80 68 32641
3 50 76 29690
1 27 30886
2 42 55
1 32 12237
3 56 68 3170
3 19 24 599
1 64 3049
3 82 6 21128
3 57 38 25202
3 20 70 5217
1 13 20113
1 38 25202
1 53 15449
2 42 33
3 80 9 30375
2 47 78
1 77 31168
2 68 76
1 63 18794
1 81 20123
2 50 80
2 41 50
3 27 40 5085
2 37 53
2 31 25
2 54 41
3 41 6 25376
1 79 20021
2 29 20
3 17 10 17390
2 4 54
1 75 426
3 30 43 24224
3 34 71 19412
3 1 16 1570
2 65 20
1 19 17107
3 10 79 12235
1 11 10659
2 57 38
2 16 59
2 81 42
1 39 31692
2 37 28
3 20 26 9271
1 63 15271
3 5 30 24643
3 2 25 14185
3 17 44 20377
1 20 1398
2 9 17
2 1 72
3 18 60 12131
1 62 21256
2 45 18
3 6 26 31053
2 2 76
2 35 55
2 9 46
2 15 79
1 65 194
2 70 12
2 19 81
3 28 52 10063
3 6 41 23392
1 37 16460
2 72 20
2 5 22
3 50 10 5940
1 13 26646
3 1 32 32284
3 56 64 830
1 38 22977
2 29 32
2 78 9
2 57 31
3 66 24 20994
3 64 64 31181
3 7 73 25454
1 2 10781
1 29 29945
3 18 41 32189
2 19 46
3 61 22 28659
2 15 4
3 55 2 28235
1 7 1731
1 16 8557
3 13 43 12210
1 79 10869
3 35 65 11145
3 15 22 24647
3 23 7 14776
3 54 25 30407
1 21 31618
3 45 78 17092
1 9 22463
1 17 18217
1 23 9823
1 1 5410
3 18 5 1933
1 66 20726
2 18 76
3 71 35 3678
1 45 10707
3 19 22 1873
2 32 5
3 37 71 3595
1 10 5820
3 15 12 6633
2 70 41
1 18 9383
2 76 13
1 74 20632
3 10 57 26316
1 63 3329
2 19 48
3 2 20 30101
1 46 4359
2 67 30
2 14 11
1 82 18671
3 9 48 21257
2 56 41
2 68 11
1 56 10526
1 50 32564
1 21 10189
2 38 54
2 33 81
3 81 80 8766
2 26 45
3 79 18 30225
2 22 6
1 27 14418
1 70 14077
2 66 5
2 71 2
2 75 26
2 63 26
2 54 59
1 33 6725
2 4 55
3 65 75 8067
1 19 15377
1 66 9577
3 45 8 1782
1 3 28811
3 60 75 16724
3 27 82 1402
2 71 65
2 71 45
1 45 24270
2 48 34
1 67 18280
3 73 81 23332
1 70 27718
2 51 23
2 22 57
2 19 26
2 74 2
2 30 42
3 21 35 22382
3 57 9 25851
1 72 29126
3 64 53 22848
2 14 46
2 9 36
3 13 23 32605
1 44 18132
3 26 4 23834
1 57 30144
3 46 78 19646
1 53 15112
3 65 51 10167
1 17 31791
1 17 18678
2 6 66
1 21 18244
3 33 61 13712
3 80 2 9682
3 82 78 10286
2 23 15
2 53 38
2 77 49
3 43 69 2243
2 35 23
3 38 21 24231
2 44 25
3 70 61 26277
1 63 13341
2 14 71
1 36 25715
1 63 2805
2 75 44
3 1 52 24660
1 36 22817
3 27 30 18003
2 32 72
2 15 4
3 68 21 1013
2 39 4
1 55 26928
2 45 80
2 79 21
3 54 14 917
1 59 32737
1 56 5539
3 38 80 18261
3 54 26 17029
3 66 31 6386
3 43 20 21736
1 52 19774
2 68 12
3 43 23 26972
1 39 13986
1 51 11069
1 15 26895
1 40 29899
1 59 21789
2 23 7
1 20 26282
2 72 53
2 49 65
1 73 25313
3 35 72 973
2 25 66
2 29 30
1 32 13541
3 49 70 30819
2 37 24
1 57 23975
3 44 50 3698
3 49 79 5635
2 2 73
2 43 64
3 80 57 8415
1 26 26231
2 41 12
2 42 79
3 44 54 1787
2 65 14
3 67 50 32373
2 46 33
3 74 47 18554
3 56 49 928
3 36 80 20242
1 19 26001
2 57 15
2 31 40
2 20 70
2 17 31
1 24 13352
2 41 69
2 1 36
3 79 37 18590
2 12 37
3 17 26 194
3 6 70 27051
2 28 54
2 40 52
2 45 9
1 19 5279
3 44 50 4786
2 74 79
1 45 28129
2 31 30
2 69 51
3 45 33 22810
1 35 8313
2 37 21
2 66 75
3 40 71 8011
2 43 56
3 31 80 32229
1 9 28429
1 58 5039
3 73 47 18429
2 36 11
2 29 69
1 3 30117
2 26 22
3 19 19 20419
1 3 24031
2 50 3
2 58 16
2 49 72
2 17 49
2 24 41
1 61 30080
1 59 23514
1 31 27749
2 59 1
2 72 27
1 28 12639
2 1 44
2 76 2
1 74 23478
3 30 16 7047
1 33 26645
3 6 1 15662
2 19 16
1 30 31226
2 15 76
1 68 28390
3 60 46 6869
1 30 22281
3 20 3 30658
1 54 15032
2 8 28
1 6 7926
1 4 24554
1 50 16968
3 69 37 22743
3 77 59 15472
2 81 4
2 38 54
3 28 9 32758
1 54 896
1 40 32159
3 53 44 20024
1 78 25667
1 13 21710
2 67 71
3 23 5 20490
3 3 48 2229
2 13 63
1 44 7911
2 27 17
2 21 11
3 32 57 127
3 36 54 10995
2 64 69
1 78 28329
3 14 74 11640
2 64 42
1 38 2697
3 56 64 14612
3 12 46 1102
3 60 77 22312
3 25 49 415
1 65 28350
3 45 37 31870
1 50 24113
2 32 41
1 12 211
3 45 25 6499
3 59 68 22074
1 14 569
2 8 70
3 54 82 32164
1 8 5611
2 72 34
3 16 12 30837
3 78 23 5094
2 69 29
1 29 13847
3 18 34 31771
2 75 32
2 10 3
1 70 31057
2 16 26
3 45 35 5025
2 39 47
1 2 8212
1 31 25402
2 10 7
3 78 45 25203
2 63 22
3 39 15 15789
3 7 61 8353
3 28 16 28334
2 50 29
1 21 7699
3 80 7 12872
1 79 6502
3 4 35 18290
2 19 76
3 25 4 1353
3 55 68 25515
3 22 72 14745
2 5 61
1 35 18318
3 56 13 24881
2 45 29
1 27 31872
1 10 11824
3 28 58 12447
1 17 23966
3 26 58 3102
2 54 17
1 68 15049
3 44 3 22424
2 4 72
1 24 8154
1 35 9187
1 1 30428
3 24 56 17984
1 67 25128
2 21 31
3 1 9 17946
2 40 74
3 14 46 19429
3 72 1 8817
3 9 76 4201
1 10 10524
2 6 30
2 65 80
2 38 79
3 6 23 25335
1 31 25284
1 70 3727
1 5 32489
1 62 17498
2 31 75
2 39 36
2 23 8
3 30 50 25822
3 22 68 30104
1 42 4253
3 57 33 4277
2 16 20
3 10 55 20102
2 4 16
3 40 44 20495
1 62 4088
1 67 16790
2 54 26
1 27 11716
1 4 12721
2 15 17
1 71 6283
2 31 52
1 54 1270
2 55 42
1 18 14437
3 7 44 14857
1 48 20906
1 73 24573
2 26 48
1 37 21512
3 13 21 9874
2 59 30
1 41 1667
3 20 8 6070
3 34 24 32259
2 31 37
1 4 32613
2 14 37
1 16 5700
1 20 17768
2 18 31
1 82 5621
2 52 30
1 34 19706
2 41 3
3 17 22 21851
3 11 68 21296
3 44 28 11634
2 9 41
3 64 22 30079
3 78 26 28539
3 79 63 29757
3 40 32 4464
1 21 16921
3 56 2 6341
1 70 5953
2 31 53
3 22 8 25651
3 24 24 18126
2 54 77
3 69 11 1210
3 71 13 8571
1 64 30397
3 37 6 18829
1 7 28927
1 58 11880
3 75 32 1004
2 27 82
1 28 29719
2 41 49
3 33 77 936
1 2 8369
3 2 39 5268
1 10 29280
2 51 79
2 24 73
3 59 68 24753
3 67 59 2456
3 1 67 8208
1 28 24108
2 59 62
1 51 16139
1 15 8131
3 33 24 27753
2 10 32
2 28 79
1 41 2244
2 71 20
2 47 51
3 70 62 1121
1 65 24504
1 61 4356
3 41 45 29377
3 12 38 24605
3 36 59 16084
2 24 47
3 61 41 16880
3 35 69 17766
3 44 37 17257
3 53 47 24380
2 65 53
2 14 39
3 80 79 7553
1 12 24946
1 41 8818
2 8 54
2 65 35
2 38 47
1 13 16038
1 46 14621
3 17 28 16768
1 79 14858
3 5 53 21831
1 33 7966
3 22 5 26670
3 41 23 19066
3 11 75 18915
1 68 16481
1 17 18778
2 42 2
1 17 31129
3 68 58 25848
1 26 22513
2 25 38
1 36 8904
1 24 10226
3 53 40 8454
3 57 48 24238
3 47 59 12925
3 19 56 394
1 6 28119
2 76 55
3 27 59 29551
3 64 19 23959
3 54 53 13566
1 34 13512
3 35 23 19012
3 19 19 15200
2 3 36
1 57 3876
3 35 40 5175
1 61 9440
1 2 16453
2 5 5
3 68 75 2418
2 40 53
2 45 56
3 38 66 28434
3 33 3 17896
3 36 67 10570
2 69 64
3 79 80 26452
2 80 10
3 44 24 2378
2 65 25
3 10 21 27655
1 50 1542
3 72 47 19652
2 48 47
2 38 47
2 69 62
1 7 14102
3 54 76 11938
2 18 51
3 51 34 14184
1 7 11573
1 30 30496
3 40 38 17187
3 6 65 11955
3 61 61 26975
2 35 13
1 21 16898
3 72 61 2046
1 49 26078
2 34 76
1 10 26917
3 38 69 16582
1 51 20229
3 13 66 18227
1 68 11530
1 20 11141
3 13 14 3809
2 47 34
1 18 5412
1 41 27102
2 68 74
1 18 891
3 44 35 23276
1 65 15547
2 11 23
1 54 22241
3 30 36 18738
3 35 31 19295
1 25 23797
3 18 76 17211
3 56 29 2741
3 38 6 21599
3 81 56 15142
1 62 15187
2 15 44
2 71 18
3 58 63 1975
3 11 54 3127
2 12 80
1 79 4090
2 12 59
1 60 25015
2 31 69
1 31 11253
2 14 67
3 20 55 21500
1 46 22814
2 36 37
2 8 46
2 57 58
3 82 80 23228
2 54 73
2 29 59
2 59 68
1 14 6172
3 53 74 27562
3 13 12 27936
2 14 69
3 70 34 11799
3 70 16 18419
3 39 9 31758
3 30 43 20631
2 61 81
3 22 49 8739
2 71 2
3 5 52 7784
3 21 75 16647
1 14 1762
3 6 60 18844
2 51 22
2 49 57
3 57 63 13489
1 80 16494
1 81 375
3 66 38 9068
1 78 20441
3 36 47 26381
1 18 23187
3 18 80 10352
1 82 12359
3 36 11 18889
1 42 2887
2 14 15
3 58 55 18886
3 7 19 5108
3 12 21 1294
2 17 59
3 68 60 30549
2 67 41
2 76 8
1 7 2618
2 6 21
2 5 81
1 65 22727
3 47 27 16334
1 58 1783
1 27 460
1 82 23166
3 60 77 18301
2 14 67
2 38 59
2 52 48
2 28 14
2 51 49
1 13 23846
2 18 22
2 64 5
3 38 9 7546
2 21 22
2 54 64
3 34 36 3685
1 13 25518
3 52 20 10638
3 25 66 659
2 36 81
3 67 30 31548
1 67 15582
1 50 32752
3 44 79 22674
3 73 26 3573
1 63 20332
3 65 73 27477
1 40 10512
3 19 59 15378
3 37 62 31003
1 37 12473
1 12 5405
2 39 76
2 79 7
1 1 30260
2 16 18
1 17 26622
1 34 26054
3 55 42 4216
3 5 2 24091
3 26 38 13106
2 56 61
3 28 2 15723
3 68 31 16093
1 46 28683
2 70 54
1 57 24254
1 63 17338
3 21 82 22440
2 31 21
2 82 40
3 28 27 21100
2 41 5
1 39 22834
1 22 18531
2 64 65
3 9 1 11774
2 39 38
2 75 9
3 64 65 29033
2 39 6
2 56 4
1 63 7351
3 26 22 261
1 82 13717
2 25 36
2 36 39
1 16 21893
2 65 52
1 70 15451
1 71 14998
3 12 58 21010
2 66 50
3 75 6 31558
2 70 48
1 21 9135
1 64 25209
2 6 80
2 66 19
1 70 4258
2 65 46
2 45 14
3 54 26 28790
2 40 39
1 81 15876
2 2 66
1 27 29128
1 50 22658
1 3 17499
1 39 18186
2 80 56
1 30 19736
3 57 13 14754
3 69 15 14837
3 59 16 28083
2 9 39
2 67 1
3 75 44 25750
3 34 53 30660
1 51 8617
3 39 20 27720
3 31 82 914
1 65 14634
1 67 12395
1 25 21743
1 72 4005
3 14 22 6177
2 66 76
2 6 74
3 19 77 25148
1 56 23082
3 23 8 1618
3 40 49 8873
2 76 72
2 29 59
3 27 41 20139
1 11 30152
2 53 6
2 6 44
2 53 10
2 52 41
2 17 10
3 6 13 25218
1 74 20406
1 17 7520
1 47 2560
3 33 47 8025
2 29 40
2 40 41
1 69 3854
1 40 14974
3 24 62 20494
1 82 11241
3 65 33 8728
2 7 74
3 49 33 17566
2 81 77
3 41 49 15894
1 4 8118
2 62 16
2 73 36
1 21 21031
1 32 12111
2 54 33
3 41 46 13647
1 45 24022
2 53 16
3 55 42 12181
2 38 48
3 26 54 6265
1 66 16716
1 44 6424
2 71 76
2 63 46
3 36 40 5024
2 76 8
1 58 14027
2 74 30
1 44 6460
2 54 50
1 73 18090
2 51 36
3 11 38 12364
2 49 43
3 81 51 7647
2 13 26
3 53 27 11060
3 72 16 7385
1 61 19759
2 74 41
1 68 3870
3 53 58 16958
1 52 3794
1 39 14013
1 44 6298
3 81 78 21669
3 77 32 31415
3 28 32 15229
2 42 8
2 44 9
1 65 7657
3 45 49 21686
3 64 76 10320
1 77 29012
2 64 54
3 66 9 14123
2 8 38
2 29 17
1 63 3850
3 44 56 17953
2 27 66
3 44 52 32353
1 19 14293
2 4 35
2 25 15
3 82 20 23163
3 30 64 1209
2 78 43
1 10 20599
1 77 18800
1 80 8068
1 21 13539
3 73 35 2708
3 32 33 1789
1 30 17498
3 26 4 9823
3 15 50 20079
2 1 31
2 59 60
3 25 50 10576
1 45 20005
2 16 71
1 66 24842
1 74 20395
1 12 24118
2 61 28
1 48 11244
2 2 12
2 46 58
2 52 76
2 55 3
1 56 6066
3 78 80 28357
1 80 654
3 12 45 386
1 13 8276
2 59 18
3 24 41 7983
3 39 59 8454
1 30 9989
1 12 31203
1 79 23499
1 43 4142
2 76 16
2 57 15
3 31 64 5022
3 72 73 25873
1 56 19556
2 56 3
1 72 20640
3 30 59 10222
1 9 9728
2 49 76
3 43 78 7089
2 36 3
3 22 65 17224
1 24 16916
3 25 74 1660
1 3 15636
3 66 23 19640
3 23 24 9166
2 49 55
2 71 46
3 30 24 20627
3 33 36 32113
1 37 968
3 48 26 19003
1 11 24234
2 26 31
3 44 61 1996
3 48 40 31845
3 66 72 26785
1 73 31721
2 70 81
1 75 28057
2 68 36
1 1 31780
1 46 25840
3 2 59 7201
3 60 31 210
2 22 43
3 27 55 30038
2 57 25
3 60 45 18420
2 75 38
2 46 50
2 2 53
3 11 8 1487
1 37 14530
1 30 3688
2 68 9
1 70 11771
1 66 29765
3 78 64 24943
3 3 57 16846
2 29 8
3 51 63 14069
2 53 13
2 56 24
3 36 45 5303
3 50 19 14203
1 38 9289
2 80 25
2 74 76
1 26 31409
3 24 33 2731
3 18 36 5041
3 27 13 22933
2 11 25
2 11 14
3 56 10 5902
3 62 43 8021
1 49 17682
3 58 8 21268
1 19 17537
1 82 14029
3 1 17 21365
1 25 2778
3 70 45 4541
3 12 16 24143
2 39 75
1 2 11227
3 66 55 561
1 6 30512
3 18 65 27477
3 5 5 25665
3 51 54 17930
1 44 12033
3 56 10 22198
1 1 20662
2 9 11
1 78 18214
1 44 17892
1 34 5981
1 80 16418
2 63 9
1 82 32332
1 57 32538
2 29 14
3 55 4 3801
1 62 30362
3 4 67 9590
1 48 21846
1 4 20681
1 3 19089
1 17 30190
1 13 21544
1 18 5803
1 30 11907
1 50 27429
1 46 30205
2 72 74
2 66 41
2 14 11
1 50 15056
2 44 67
1 53 18003
2 57 45
2 10 51
3 56 56 12388
3 82 68 11738
1 33 10834
2 32 24
1 14 626
2 41 77
3 52 55 5634
1 77 31218
3 34 58 23985
3 15 13 29365
2 50 70
2 53 67
1 38 3847
3 21 40 16095
2 77 29
3 58 44 32464
3 62 66 522
3 55 2 25757
3 57 28 22738
2 80 66
1 17 19040
2 15 66
3 58 3 2532
1 19 4213
3 4 15 24186
2 12 22
2 56 18
1 66 29177
1 4 16910
2 75 51
2 33 16
1 38 21332
1 17 23639
2 7 33
1 61 13642
3 60 21 27674
3 31 64 26649
3 79 43 27918
2 24 20
3 74 40 17922
2 62 4
3 66 8 5519
1 27 18909
3 31 59 14566
2 3 28
1 53 31420
3 35 55 24776
1 16 19999
1 33 32374
2 38 73
1 55 5051
2 79 38
1 13 5702
2 66 49
3 25 15 6513
1 30 16048
1 79 1036
1 63 19618
2 1 61
3 52 51 21315
2 55 77
2 13 16
1 50 24249
3 32 18 25970
2 12 35
2 4 52
2 52 24
1 8 23252
3 78 21 25168
1 33 4804
2 30 64
2 81 3
1 18 28797
1 66 7475
3 78 58 20621
1 64 4272
3 75 76 27496
2 67 56
1 53 5913
3 31 52 16554
2 69 30
1 78 22833
3 79 82 12563
2 28 76
3 51 81 4121
3 55 77 25141
3 8 54 26850
2 68 66
3 15 32 13248
2 26 54
3 30 80 29595
2 4 13
3 82 69 19373
2 3 43
3 2 77 28519
1 71 21326
1 47 30382
2 47 11
1 55 7893
3 15 37 24329
1 22 3717
3 14 81 22335
1 35 27262
1 17 25826
3 32 72 22878
1 20 15538
3 66 13 16193
1 37 7172
1 30 7912
1 3 17157
1 57 30188
1 74 22392
2 26 50
3 19 59 14317
2 48 19
1 42 22812
1 22 12049
2 49 33
2 20 46
3 59 56 10218
3 5 18 1573
2 60 67
2 41 37
2 34 23
3 60 65 32287
2 44 19
1 80 8255
1 42 27444
2 23 65
3 26 76 23404
2 2 12
3 25 13 21648
2 38 53
2 68 3
3 71 11 29148
3 6 45 10242
3 35 43 13750
3 76 20 28641
3 72 61 8813
3 3 9 13565
1 25 2011
3 77 6 28010
3 16 34 10414
2 26 47
1 15 29056
2 18 1
2 48 67
2 17 34
2 79 76
3 17 60 14275
3 77 12 31282
2 5 49
1 40 16715
2 46 75
2 56 23
3 8 49 26723
2 76 8
1 2 18884
2 17 10
2 46 44
3 43 3 24065
2 78 56
3 41 37 21808
2 50 12
1 78 11877
1 57 16428
2 23 16
3 58 59 21003
3 75 79 32453
1 4 15367
2 53 6
3 22 35 11122
1 47 10170
2 69 71
2 33 5
2 1 57
3 5 76 12972
1 50 15805
3 53 9 15330
2 58 48
3 73 51 22492
2 33 54
1 45 28594
1 56 23885
2 79 34
3 9 1 29305
3 14 15 15447
1 63 12177
3 39 1 30306
1 5 2644
3 15 50 19059
1 28 27896
3 14 64 10697
3 81 25 17167
3 33 74 361
3 66 3 29314
2 37 12
3 21 21 24160
3 61 6 9064
2 45 62
2 4 64
1 51 601
3 37 76 14894
3 3 9 31226
3 32 48 31048
2 51 2
2 20 82
1 19 29493
1 22 26907
1 32 3202
1 66 31933
1 61 5199
2 54 18
3 75 65 29523
2 72 52
3 9 81 7243
2 70 78
3 3 19 20201
2 18 27
3 45 67 30971
3 44 12 3539
2 37 6
2 11 74
1 58 32070
1 4 2193
1 23 22952
1 55 2192
1 36 6434
3 67 71 4855
3 21 27 9316
3 65 11 5136
1 72 5890
2 27 15
1 16 31220
2 7 81
1 76 26697
1 49 30358
2 73 5
1 67 4143
3 18 48 22380
3 55 28 11956
1 78 10283
2 58 6
3 45 41 25233
1 17 9749
3 56 6 25093
1 42 1696
1 24 15736
1 64 3921
1 24 6176
1 28 19222
1 57 28426
1 30 14374
2 25 36
2 76 39
3 57 76 16559
3 74 20 27616
3 76 13 705
3 72 56 24738
1 62 7597
2 8 80
1 63 32558
2 21 20
1 15 29528
3 18 79 19634
2 37 63
1 79 326
3 24 23 23267
2 47 52
3 43 75 13842
1 53 31755
3 44 45 2604
2 79 31
1 3 13584
3 79 65 23327
3 26 10 4482
1 69 13953
3 27 12 30441
1 16 21276
3 46 74 5145
3 73 47 20759
3 72 14 24674
2 20 32
3 69 60 20582
1 35 16742
2 25 31
2 68 4
2 12 50
1 30 30576
3 29 10 12282
2 24 43
2 11 79
2 33 64
3 73 57 13282
3 11 42 27893
2 11 19
2 18 58
1 23 7999
3 72 9 2062
2 64 76
3 51 1 516
1 55 32692
1 36 8990
3 12 56 3525
1 58 11976
2 55 18
3 26 60 19149
1 76 257
3 30 45 3704
1 69 6951
3 48 69 25927
1 25 1343
2 15 23
1 10 30458
1 66 23219
3 48 24 31659
1 65 4696
2 23 20
2 41 45
1 43 32590
1 23 13340
1 7 26005
1 52 6796
2 9 64
1 18 5629
2 45 2
3 41 29 27091
2 8 32
1 2 7371
3 78 79 10312
2 50 31
1 5 8999
2 54 58
3 55 59 16946
1 7 5664
2 17 9
2 7 66
3 33 3 4565
2 25 54
3 33 21 11484
1 45 4327
1 81 25081
1 4 17753
3 62 15 28922
1 61 16795
3 69 1 1675
3 72 20 15735
3 24 49 20018
2 14 31
3 60 36 10506
2 39 49
1 5 11202
1 69 14462
2 76 77
3 21 16 18354
1 34 28265
1 1 3001
1 49 8433
1 57 7026
2 50 18
3 80 69 22093
1 25 2255
1 5 17767
2 35 71
1 1 12242
1 4 17997
3 34 3 12592
2 61 20
1 3 14308
1 40 10413
1 8 12206
3 22 72 20969
1 14 7292
2 71 7
1 45 26383
2 33 4
2 20 24
1 36 14254
2 5 51
1 10 30318
1 78 25530
3 6 72 28387
2 22 28
3 46 23 876
2 42 19
3 73 21 21609
3 35 41 31407
3 33 50 11075
1 26 12318
2 4 26
3 63 52 15142
2 49 64
2 57 35
2 29 63
2 75 4
2 81 57
2 30 70
1 22 3394
1 24 26070
1 27 30106
2 77 62
2 53 63
2 13 58
1 12 8271
3 62 26 6847
1 27 8598
3 31 68 23128
1 20 13637
1 35 13562
3 51 4 7050
1 79 26751
2 36 63
3 50 79 22406
3 8 54 938
3 79 73 17736
2 1 42
3 38 40 2675
2 69 75
2 40 32
2 20 16
1 78 11103
3 69 66 18401
3 23 19 24900
1 7 39
3 76 1 22422
2 44 82
2 20 36
2 52 39
3 5 71 14345
2 31 7
3 38 13 17538
1 32 32400
1 10 15758
1 56 20991
2 21 35
1 72 9791
2 5 34
1 8 22717
1 59 21221
2 42 12
3 22 24 29523
1 7 20947
1 10 23546
2 21 1
1 50 5151
3 25 76 15909
3 68 73 1917
1 39 24773
1 55 32551
2 11 35
1 43 5733
1 54 23982
3 18 82 24354
2 17 71
2 39 56
2 12 58
2 62 8
1 11 5527
2 69 37
1 43 27051
3 62 27 17932
3 71 10 8421
1 36 5332
3 46 28 17508
3 29 37 25185
2 82 39
2 26 18
1 7 5645
3 16 76 17960
2 25 75
3 21 15 12159
2 33 22
1 79 31065
1 57 8416
3 26 14 23427
1 47 4315
2 4 15
1 82 29103
1 18 9750
2 47 68
1 11 28024
3 2 43 7047
2 22 13
3 66 34 27632
1 8 20280
3 45 36 28537
3 1 12 10969
3 2 41 9164
3 50 25 25267
2 6 53
2 52 69
2 56 67
1 1 13377
2 21 9
3 74 65 4009
1 75 232
3 24 20 16085
3 57 49 18200
1 78 5629
2 62 19
3 80 77 16622
1 58 12567
1 74 15303
3 8 71 23438
1 74 2364
1 51 28156
3 11 6 6358
2 17 73
3 80 50 23962
2 14 63
2 60 7
1 50 4162
1 4 13555
3 10 82 31885
1 62 4576
2 65 31
1 24 25533
3 55 70 27439
2 15 11
2 38 37
2 40 21
2 74 72
2 25 16
1 29 16900
2 11 20
3 3 32 26415
1 14 9328
1 29 10925
1 13 5489
2 77 13
3 17 69 4454
2 54 54
1 19 22801
2 63 33
3 17 80 23968
2 41 57
2 29 39
1 49 2574
1 28 21467
2 74 54
1 15 29008
3 26 57 30060
1 52 14421
2 1 26
1 5 14741
1 82 8925
2 69 39
2 29 35
2 49 14
2 59 56
2 40 12
2 51 13
3 77 53 1083
2 45 54
1 1 8466
1 8 26075
2 7 49
3 10 14 26095
2 22 39
3 55 8 14858
3 3 69 12350
2 55 73
2 70 18
2 15 42
1 19 13037
3 29 77 7239
1 69 21912
2 46 35
1 79 22770
3 80 35 3020
3 8 76 23827
1 57 26938
2 26 16
1 31 7359
1 78 16647
2 43 78
3 81 7 256
3 33 76 31697
3 46 47 3023
2 33 6
2 15 29
3 76 57 11183
2 79 62
3 51 65 20492
3 16 75 19923
1 43 15366
3 70 60 146
1 81 9390
2 38 23
3 22 3 13368
1 53 18290
2 11 11
1 31 27131
1 23 1229
2 37 12
2 28 67
3 60 12 30044
3 16 25 30060
1 48 30173
2 38 10
1 57 26542
2 18 13
3 25 49 32766
2 29 16
3 19 44 2487
1 58 1808
3 14 43 25739
3 52 29 17434
3 23 60 20175
1 46 17291
3 80 57 23918
2 42 21
2 62 50
1 16 3435
1 66 4010
1 23 17832
2 41 66
1 37 25049
3 36 12 29448
3 36 9 22064
1 1 18774
1 76 7840
2 50 54
3 30 59 20576
1 55 26336
2 45 21
2 24 63
1 47 8365
1 54 16942
3 45 60 24262
1 44 19706
3 24 44 16677
3 4 27 3481
2 60 3
3 54 14 25854
1 44 27950
2 11 30
2 55 17
1 5 23280
2 30 56
3 3 6 11770
1 11 8026
1 14 155
3 82 78 1411
2 69 5
3 74 25 21722
2 61 13
3 81 19 16848
2 45 44
2 58 54
3 31 74 9781
2 16 32
1 46 24403
2 49 28
3 51 40 5226
3 32 37 20120
2 44 72
3 16 77 19508
1 53 18904
3 56 35 2575
1 4 29476
2 29 12
2 57 79
3 46 26 3951
1 55 28298
3 61 3 9235
2 76 66
1 68 27813
3 2 72 24016
1 64 3603
2 74 59
3 14 1 480
1 53 9650
3 46 3 31765
2 67 6
3 72 62 18608
2 17 20
1 54 12048
3 43 21 2661
3 37 33 31544
2 64 76
2 23 32
2 54 14
1 25 8617
1 41 18232
1 32 13236
3 23 72 1988
3 76 56 28668
2 61 27
1 72 16091
3 64 58 5150
3 43 39 5266
2 60 45
3 42 4 14585
2 77 63
1 8 590
2 60 78
3 23 55 23203
3 50 73 8136
3 43 22 18019
1 63 24720
2 67 68
3 52 53 1818
2 8 79
2 13 28
3 44 81 25048
1 25 7037
3 75 42 17087
2 11 71
1 19 3308
3 1 31 14606
3 53 6 9087
1 60 9691
3 16 71 7406
3 34 28 1114
2 19 12
2 34 23
3 72 31 2738
1 75 6298
3 43 77 32449
3 77 82 24493
3 67 8 2553
1 41 4758
2 51 6
2 25 47
2 44 82
1 66 7497
3 58 24 17578
2 54 47
3 35 36 31887
2 1 65
3 27 7 1497
1 47 6122
1 6 10571
3 77 72 2008
1 53 27486
3 43 80 20775
2 43 81
2 33 55
1 36 32530
3 69 21 32113
3 42 80 28709
3 78 42 16799
2 11 11
2 36 54
1 64 1795
2 39 70
1 42 589
2 39 35
2 53 37
1 44 18394
1 61 29383
2 39 23
2 33 72
3 52 77 19305
3 64 34 27186
1 7 18008
2 32 50
3 75 41 32749
3 62 46 25087
1 60 26874
1 25 3617
2 41 78
2 11 4
3 74 65 20153
1 72 30878
3 31 7 10453
1 69 16475
1 63 13560
1 3 17115
3 82 46 25699
2 81 77
1 46 26539
1 22 29200
2 64 37
3 32 73 9193
3 63 19 1708
1 35 10642
3 6 76 20249
2 70 72
2 67 32
3 63 72 1336
1 26 13177
2 30 28
1 57 8815
2 13 40
2 58 46
2 67 82
2 66 20
1 47 30150
3 23 7 17056
1 50 835
1 22 25547
1 57 7291
1 82 19871
1 6 2779
1 29 7824
2 55 37
2 22 38
2 36 37
3 46 38 12381
1 76 31055
2 38 67
2 15 28
3 7 37 8011
2 67 10
1 12 31329
3 65 5 21896
1 58 26349
1 37 9428
3 3 72 9838
3 32 59 3472
1 28 24613
3 34 59 31146
2 25 80
3 8 71 2586
1 68 24055
3 51 3 6413
3 1 65 26910
2 24 65
2 16 37
1 25 2511
2 41 75
3 37 57 51
3 41 63 24741
3 14 22 14512
2 21 70
2 73 80
1 14 11679
1 21 28888
2 52 49
1 55 27325
2 45 36
2 1 67
1 46 31255
2 35 69
2 10 36
3 1 4 19676
3 39 4 30844
1 63 9891
1 26 30050
1 41 24012
3 24 12 4952
3 77 43 28342
2 4 65
2 73 64
3 24 82 7071
1 42 27235
3 36 57 4617
2 22 35
3 32 14 29149
1 55 2733
1 28 27111
2 55 6
2 63 25
2 58 46
2 39 11
3 61 10 2616
2 78 81
1 76 8156
1 51 9680
3 43 58 5357
1 24 6706
2 26 30
2 68 23
3 28 57 10450
3 49 51 32738
1 67 6278
2 63 19
2 45 60
2 20 81
3 6 71 3761
1 26 12857
3 69 52 29864
1 71 24698
3 46 6 18782
3 4 80 7598
2 28 40
3 25 40 32136
1 80 26349
3 29 39 30319
3 73 29 225
2 71 19
2 33 53
2 65 46
1 49 10357
1 68 9050
1 26 21686
3 8 31 2253
3 31 24 20437
3 62 50 12757
2 55 23
2 67 82
2 51 15
1 35 24556
3 25 29 28864
1 34 7381
3 3 65 10984
3 46 27 20970
3 51 53 22037
3 68 33 20916
2 47 72
1 63 20939
1 7 12440
1 45 15127
1 57 21043
1 16 10148
2 42 6
2 77 61
1 54 31620
2 77 19
2 48 17
2 5 69
3 1 60 13537
3 78 71 7089
3 69 13 25782
1 62 31548
1 18 25852
2 14 68
1 48 19349
3 29 54 9652
2 71 14
2 16 34
1 24 17788
1 5 8777
3 26 58 25666
2 71 65
1 27 29282
2 34 59
3 8 24 5792
1 39 27005
1 78 6104
1 36 22548
2 37 3
3 43 20 3764
3 17 74 1111
3 81 38 30860
2 1 54
2 9 27
2 52 49
1 41 2473
3 59 32 6534
1 37 23180
2 51 53
3 28 54 7252
1 13 24340
3 3 64 27138
1 62 7827
3 13 18 30999
3 59 34 15487
2 11 24
2 44 55
3 58 13 6547
1 63 31802
2 73 39
1 56 24907
2 44 7
3 53 9 10284
3 36 75 23927
3 61 9 4140
3 31 11 28834
1 12 23079
1 22 22654
2 68 24
2 41 60
3 59 47 32596
3 25 70 24533
1 78 1644
3 48 33 18434
3 31 33 30845
3 64 54 8965
1 54 602
3 54 2 5974
3 4 72 5358
1 70 31617
1 58 17588
1 21 31178
3 5 64 13107
3 25 27 16854
2 21 30
3 50 66 9283
1 39 23934
3 27 67 21266
3 3 74 17701
2 56 36
2 71 30
1 33 21553
2 7 14
3 8 47 22440
2 2 37
1 44 9413
3 26 71 19985
1 62 18069
1 64 13075
2 7 61
2 66 76
2 38 46
2 23 23
2 49 59
3 23 76 9282
3 81 48 12110
2 82 35
2 33 1
3 37 8 13984
1 50 19389
3 21 76 25056
3 34 34 27000
1 31 17286
3 45 8 24163
3 5 28 22747
1 61 24204
1 63 4860
3 58 55 5390
3 13 53 21681
1 55 10354
1 34 28160
1 75 25585
2 66 33
3 77 1 29629
3 45 3 21545
3 72 77 14890
3 25 38 22437
3 8 23 20448
2 9 71
2 29 65
1 21 11907
2 38 4
2 29 41
2 32 58
3 43 39 7034
1 5 12362
2 14 62
1 46 274
2 4 16
3 45 32 7919
1 2 11857
1 38 25531
2 48 34
3 8 81 14623
2 26 32
3 43 22 31896
3 10 58 2312
1 45 14208
3 32 79 7340
2 70 15
3 3 33 16312
3 67 60 10528
2 41 23
3 31 48 20800
2 60 64
1 3 31396
2 39 24
3 26 33 17823
2 61 61
3 80 56 28556
2 55 39
2 78 20
3 52 44 21319
3 1 49 20570
1 41 23827
2 46 44
3 35 23 6327
2 13 9
1 29 3949
1 1 10851
2 69 53
2 58 12
1 1 1251
1 77 1462
1 28 16359
1 63 12213
2 61 10
2 27 22
1 30 24167
2 4 42
1 18 21190
2 6 7
2 23 71
1 7 6929
1 72 28905
3 50 29 23154
2 35 54
3 76 77 10041
3 42 9 10857
1 61 28015
2 25 42
1 53 3527
1 48 23151
3 55 58 19807
2 62 9
1 55 12656
1 12 21927
1 72 25734
1 13 20272
3 8 3 26586
3 29 52 25573
1 2 6545
1 66 16328
1 45 9258
2 66 32
3 8 53 14205
2 60 57
2 62 9
2 62 73
2 28 23
1 12 31876
2 12 58
1 35 15938
3 44 38 15416
1 64 29117
1 17 392
2 59 50
1 38 19172
2 63 41
2 5 21
1 5 31535
1 22 23221
1 28 25512
3 8 67 8478
2 46 61
1 18 5712
3 23 63 14063
1 75 10874
2 10 40
1 27 9945
1 10 14036
2 79 36
1 79 32309
3 74 56 13138
2 15 36
1 55 15246
2 32 77
2 67 10
2 12 60
2 27 14
1 3 21261
3 40 61 9656
3 20 14 30745
2 81 43
2 45 75
3 77 76 25893
3 2 48 22591
3 31 24 32246
1 6 1119
3 17 21 28205
1 53 13105
2 41 70
1 17 1177
1 38 12085
3 31 71 1750
2 82 34
3 35 49 15178
2 21 62
1 81 7526
3 28 37 23646
3 44 30 30692
3 50 19 9915
3 25 45 3819
1 54 22395
3 40 73 18534
2 58 23
2 44 7
3 38 56 28257
2 55 2
1 57 22022
1 17 11401
2 74 70
3 22 78 14111
2 5 28
1 52 19364
1 20 27307
3 9 13 5843
1 26 28844
3 80 43 27954
3 48 25 28503
2 57 17
1 11 11348
2 63 46
1 3 20368
2 29 2
1 73 18021
2 50 13
3 51 12 24113
2 35 31
2 7 71
1 81 28539
1 77 28802
1 5 17983
3 52 63 12929
1 49 14343
2 11 81
3 48 66 20006
2 54 47
2 78 62
1 40 6569
2 59 55
1 12 9349
1 74 22239
3 62 5 23500
2 35 22
3 50 38 13962
2 17 22
2 20 55
3 66 78 22608
1 79 2706
3 82 41 13480
3 44 16 537
1 54 25382
1 52 14146
2 79 16
3 39 62 5336
2 19 64
2 33 23
1 36 24218
3 63 18 14404
1 54 174
1 38 22253
3 6 39 32247
3 43 25 14099
2 62 27
1 40 8228
3 16 18 2459
3 10 44 11544
3 11 78 8517
1 19 3106
2 27 22
3 4 7 17832
2 76 77
1 9 23071
3 8 71 14822
1 77 11182
2 30 32
1 9 9550
2 45 75
3 68 64 29708
3 48 41 10584
1 51 30912
3 16 3 30917
3 44 37 13910
2 51 18
1 81 3582
2 18 61
1 59 13512
2 43 10
3 9 75 27187
3 23 4 13637
3 78 17 8789
2 7 45
1 71 9429
2 37 15
1 65 22280
3 69 9 9505
3 68 57 22347
2 26 70
3 24 37 29821
3 38 68 7897
1 14 27058
2 54 77
3 33 36 18695
1 30 14531
2 49 81
3 47 75 23513
2 5 70
1 11 29420
3 23 80 26699
2 70 68
1 16 14673
1 45 3156
3 70 39 5965
1 78 20604
3 28 77 2842
1 67 2848
3 53 20 24264
3 80 72 7778
1 67 7490
3 55 52 13436
3 32 75 22548
3 51 52 15666
2 69 76
3 21 67 5684
1 37 23162
2 17 9
1 43 26837
2 28 82
2 80 54
3 74 34 16200
2 33 55
3 18 44 18772
3 28 54 1287
2 59 69
1 7 22964
1 37 4583
1 4 11820
3 40 20 21960
3 41 21 22685
2 73 13
1 55 4555
3 62 46 29155
3 39 57 13982
3 75 52 29551
2 17 36
2 77 1
2 74 58
3 72 51 30697
1 33 3000
3 62 17 14677
1 67 14077
3 72 49 24175
2 70 52
3 34 74 10604
3 3 17 27159
2 64 37
2 46 46
3 39 37 9057
2 51 30
1 37 6828
1 76 2233
2 66 22
2 19 28
1 4 26505
3 23 31 22485
1 63 25226
3 63 75 11235
2 19 38
2 74 39
3 35 13 15583
1 24 16664
3 18 53 24335
2 60 38
2 56 18
2 25 20
3 6 3 4780
3 20 81 411
1 63 2386
1 1 415
3 13 24 31264
1 32 2507
3 48 19 4890
3 25 82 12658
2 79 69
1 54 19383
1 20 6523
2 42 19
1 41 7110
1 55 22248
2 46 64
3 76 82 22578
1 63 17390
1 37 21747
2 20 11
3 21 3 14394
2 49 68
2 6 48
3 78 55 18718
2 21 34
3 18 50 9513
2 22 26
3 70 40 5448
2 42 2
2 40 30
3 81 62 9156
3 80 34 4570
2 44 52
3 13 27 3501
3 59 77 13224
3 57 6 23648
3 73 32 32356
3 56 27 30239
3 36 27 16128
1 11 18392
3 82 80 16964
1 1 30031
3 37 53 31486
3 75 4 24156
1 76 8162
3 13 5 1395
3 36 61 13046
2 62 48
1 56 24311
2 70 14
1 60 15262
2 62 75
1 2 26639
3 73 3 8279
1 80 28312
1 71 12263
1 7 10016
2 81 66
3 59 2 11155
3 37 33 19207
2 73 81
2 42 24
2 17 69
2 42 13
3 70 37 13798
1 18 20522
3 30 77 1938
2 77 46
1 35 6410
1 59 5600
2 36 76
2 78 37
2 36 6
2 22 73
2 13 74
2 35 65
1 34 5780
1 14 7057
2 78 44
3 71 80 2162
3 26 59 13
1 75 4017
3 65 3 23463
1 3 15484
3 12 16 23164
2 1 82
2 81 12
1 57 3949
3 51 79 31132
2 39 49
1 39 3296
1 8 26774
2 66 36
2 5 61
2 44 33
2 13 17
2 80 20
1 53 23834
3 69 22 19714
3 22 26 15674
3 13 55 26077
2 62 21
1 18 5187
2 43 29
1 19 385
1 42 12812
1 74 28035
1 29 19102
1 77 10708
3 78 26 31940
2 34 55
2 61 27
2 49 13
1 30 29337
3 21 74 16589
3 29 54 1735
1 48 14943
3 55 50 29863
1 28 31266
1 69 22530
3 43 57 7206
3 1 33 30652
1 59 6707
1 52 28887
1 46 5073
1 25 27460
3 63 69 19340
2 8 43
3 37 55 15657
2 37 48
2 19 6
2 38 40
3 16 44 1539
1 76 29054
2 67 70
3 39 32 22932
2 40 52
3 61 14 24559
2 55 40
2 41 15
3 72 11 442
2 13 18
3 53 26 28294
3 30 25 28226
1 8 23554
1 82 15740
2 32 17
1 54 32388
1 51 19980
1 34 3110
2 53 29
2 10 81
3 47 15 25847
2 57 36
3 59 21 14530
2 75 54
3 38 35 586
1 76 20168
1 54 28838
1 20 20750
1 22 27244
1 16 2883
2 42 19
3 32 18 14351
2 67 65
1 5 7592
2 16 81
2 58 47
3 30 24 30578
3 69 65 19181
2 53 69
1 23 4754
2 82 49
3 14 28 23451
3 17 55 25638
2 45 73
2 79 81
1 4 25812
2 46 43
3 71 52 22415
1 67 24085
1 50 31367
1 54 19276
2 52 1
2 68 75
2 36 67
3 53 30 13685
2 15 45
2 39 68
2 76 67
2 41 45
2 38 27
2 74 74
2 79 2
3 51 69 12285
3 53 79 29714
3 40 47 19845
3 72 49 25593
3 57 21 10251
2 78 10
2 69 24
2 27 3
2 53 56
3 49 58 26955
3 59 29 32012
3 58 11 27517
3 29 63 26562
2 80 37
3 64 60 7173
1 31 22623
2 25 82
3 68 31 25398
3 78 47 22349
1 75 7327
3 37 26 16650
3 33 33 22278
3 54 10 3098
1 82 5781
2 3 44
2 45 48
3 55 78 18472
2 38 45
3 25 44 29739
3 56 2 30998
2 19 73
1 36 31380
3 30 75 1421
1 10 25600
3 62 39 17349
1 73 17172
2 28 7
3 20 52 15534
3 59 45 15006
3 54 71 21888
1 24 20686
2 57 33
3 5 74 8672
3 58 34 1428
3 18 80 30659
2 22 10
1 20 11151
2 39 20
2 25 8
3 29 74 7147
3 17 72 2413
2 70 50
2 34 14
3 31 68 7072
3 19 29 12349
1 69 6668
2 56 64
2 1 53
2 66 60
2 71 36
2 82 50
3 37 32 5610
2 47 21
1 46 26934
1 37 16111
2 12 34
1 28 30996
2 53 46
3 8 41 6949
3 13 25 31946
1 52 5480
2 43 64
3 62 12 29436
3 66 18 16946
1 80 13305
3 35 52 10688
3 48 82 3179
1 40 23156
1 55 26281
1 60 16747
1 81 8984
3 73 69 5339
1 30 2924
2 35 46
3 20 24 20943
2 25 36
2 74 80
3 62 63 14709
1 31 5367
3 1 37 24528
2 10 70
2 48 35
2 25 27
3 3 4 18843
3 56 50 26631
3 55 8 25426
2 61 31
1 40 7527
2 5 12
2 77 67
2 50 40
1 29 20134
1 43 28102
2 39 53
1 43 29652
2 53 43
2 47 58
3 37 66 320
2 15 24
3 21 9 10954
2 59 49
1 37 11325
3 30 82 7997
1 70 30046
2 56 38
1 1 1328
1 16 2520
1 37 10043
2 66 8
2 37 34
1 71 27491
2 19 55
2 55 15
3 19 40 26612
2 11 69
1 41 14739
2 5 45
2 36 39
1 49 7079
3 57 53 8461
3 60 25 10373
1 44 9588
3 10 75 122
2 29 35
2 27 10
2 6 46
2 42 30
1 27 26498
3 29 37 8646
2 52 41
2 45 44
1 33 27683
2 69 1
2 54 74
1 50 5697
3 33 72 32424
1 24 17924
2 51 70
3 68 80 18367
3 76 10 25833
3 15 63 705
2 29 33
2 47 68
1 36 18735
1 70 6396
2 33 14
1 37 26035
1 35 29664
3 48 6 16760
3 41 36 24776
1 37 16188
3 62 74 19895
1 48 19096
2 29 42
2 59 5
1 44 22066
2 4 10
3 49 81 20312
1 12 31198
1 48 29734
2 28 56
3 36 47 30051
3 36 1 25673
3 7 3 30460
2 2 65
2 11 25
1 70 11506
1 70 22321
2 63 21
