1000 1000
478 537 985 699 488 384 744 732 843 276 375 387 983 1 208 658 857 710 615 475 183 239 237 72 667 160 695 558 471 829 682 638 357 208 400 707 605 686 966 700 3 495 542 163 252 764 612 850 195 576 521 340 608 919 190 228 937 465 473 813 744 97 241 468 983 719 512 958 335 164 992 617 972 622 887 838 879 144 410 953 336 814 872 698 661 531 833 913 904 813 90 600 475 169 92 135 495 731 492 826 890 776 890 58 879 592 774 625 758 643 239 292 859 763 199 816 545 173 124 977 666 505 314 403 352 21 29 462 721 836 189 935 545 497 284 28 635 747 425 215 409 764 8 850 673 261 529 93 46 955 654 741 894 542 303 320 768 697 394 898 545 575 926 832 660 307 147 672 429 825 224 262 416 367 741 79 927 21 534 796 659 531 297 113 492 429 115 101 80 998 428 301 821 573 332 456 355 684 435 296 579 45 885 191 542 380 870 943 478 470 48 722 706 960 725 759 537 472 712 889 172 493 209 188 364 168 643 174 590 717 762 519 136 162 354 369 923 553 480 219 766 896 894 178 382 803 846 155 90 603 613 873 985 269 967 762 859 673 536 42 231 623 302 593 710 46 76 22 254 625 810 991 114 653 121 991 713 804 989 696 679 610 192 68 389 775 77 654 704 9 586 6 799 346 586 183 85 672 500 33 838 227 785 380 190 355 616 852 320 108 746 298 803 290 236 216 148 243 769 245 353 878 839 629 928 818 237 551 961 812 206 138 19 870 383 931 782 421 732 528 787 521 391 562 734 727 530 593 444 616 195 5 771 277 581 187 616 100 324 558 90 543 916 923 612 702 401 997 483 336 531 425 328 659 124 365 341 436 345 38 122 148 380 818 943 908 742 458 919 244 82 33 83 632 566 434 160 986 439 815 992 947 258 854 767 592 436 148 985 947 317 433 283 829 413 114 717 988 553 375 642 330 500 765 208 861 54 417 811 631 159 541 832 866 367 323 644 637 412 267 769 559 182 959 18 459 598 61 45 115 934 293 241 476 675 999 657 520 685 543 434 556 720 470 396 125 673 334 399 705 171 998 114 465 515 656 232 188 459 936 337 104 61 435 661 225 81 364 977 930 979 187 422 41 799 381 134 810 256 557 622 720 821 113 971 753 694 627 246 206 328 461 343 817 954 910 438 611 690 413 786 825 441 621 39 435 137 381 477 321 221 555 131 693 855 650 908 315 214 856 115 640 251 858 757 531 381 644 457 35 710 57 803 523 478 898 366 396 509 99 335 594 20 273 450 761 289 480 386 321 941 605 810 644 97 578 447 259 700 247 70 894 467 58 489 370 664 562 362 574 671 331 673 350 972 347 963 158 204 345 66 678 51 90 525 819 832 576 627 95 351 58 17 151 882 381 975 465 999 3 129 510 554 827 885 673 95 972 956 440 27 314 511 5 859 335 484 4 878 565 774 611 109 26 195 431 274 598 34 101 879 931 125 605 678 114 107 573 986 540 24 756 92 387 234 615 237 905 798 790 238 680 998 501 721 488 872 200 856 399 323 797 531 197 527 583 339 429 564 855 835 715 828 118 803 359 455 574 865 416 699 323 521 175 666 619 447 817 938 358 347 554 939 967 131 857 732 992 17 888 563 710 912 495 841 522 169 575 416 649 374 301 320 847 761 871 331 157 678 53 885 884 662 659 907 373 921 301 383 885 11 812 908 181 18 282 313 776 800 193 343 154 560 316 115 999 601 424 606 144 738 246 135 145 997 54 437 501 876 193 49 656 407 612 496 776 841 572 197 78 105 235 1 497 731 679 616 350 1 329 491 216 850 52 932 127 618 69 731 2 228 510 210 264 477 205 148 525 315 475 763 276 733 952 765 7 975 833 659 358 576 964 552 378 37 674 436 654 7 775 211 683 513 230 219 704 854 796 722 810 945 709 778 713 404 389 613 798 654 273 511 702 43 617 970 73 195 821 901 85 592 30 973 723 526 418 691 481 212 647 244 904 963 710 732 356 788 43 760 235 811 249 837 60 67 877 883 237 902 361 586 823 719 225 180 944 399 513 746 650 916 488 513 997 993 373 189 429 517 332 111 785 614 342 883 811 672 886 524 137 891 82 95 301 65 469 626 592 935 673 388 391 902 535 345 665 180 950 568 297 231 304 76 538 35 685 448 107 13 706 956 465 584 881 731 384 47 713 166 939 786 868 86 843 877 44 78 472 365 100 79 922 348 455 162 978 129 295 932 367 179 804 51 768 443 137 28 622 21 67 
1 720 755 404
1 930 992 60
2 7 402
2 315 439
2 751 979
2 182 470
2 369 722
2 782 972
2 447 648
1 38 1000 415
2 471 496
2 347 752
2 631 730
2 317 896
1 169 222 94
2 427 933
2 705 864
1 808 920 27
1 393 448 325
1 529 535 90
1 368 968 652
2 317 812
2 109 554
1 820 971 850
2 480 940
1 29 722 972
1 222 592 309
1 297 868 241
1 487 757 787
1 38 380 945
2 583 733
2 409 635
2 491 832
1 450 987 661
2 812 827
1 603 708 290
2 818 849
1 450 969 946
2 97 710
1 180 313 5
2 494 888
1 270 311 642
2 696 883
2 236 582
2 250 464
2 65 390
2 2 235
2 522 646
2 463 707
1 359 405 26
1 288 620 1000
2 515 723
2 591 683
1 717 950 329
2 451 760
2 117 826
1 834 885 506
1 362 669 74
2 31 767
2 176 199
1 188 791 522
2 217 836
2 107 625
1 564 834 473
1 206 274 754
1 441 801 476
1 9 802 299
2 379 453
2 406 908
1 391 888 950
2 205 460
2 932 957
1 683 931 461
1 122 296 635
1 152 412 74
1 78 207 74
2 176 411
2 701 957
2 288 474
1 440 461 128
1 403 870 912
1 275 986 24
2 220 342
2 303 584
2 795 926
1 548 733 671
2 99 157
2 445 795
1 760 826 946
2 615 881
2 382 984
1 391 560 709
1 591 743 151
1 94 352 882
2 442 742
2 683 780
1 409 905 777
2 33 384
2 109 714
1 184 740 987
1 330 674 791
1 416 813 530
2 207 858
1 411 638 223
2 220 739
1 435 515 156
2 192 412
2 250 904
1 67 195 271
2 123 728
1 216 556 831
1 378 552 273
2 215 801
1 382 597 901
1 72 232 765
1 154 263 270
2 341 441
1 11 813 30
2 323 515
1 117 552 533
1 209 967 59
1 223 680 529
1 75 385 343
2 433 775
2 437 689
2 14 751
2 304 443
1 28 140 57
1 905 963 873
2 494 901
2 825 900
1 173 569 634
1 147 328 173
1 283 938 650
1 856 978 121
1 291 875 675
2 310 559
2 663 986
1 652 820 342
2 688 858
1 527 924 144
2 25 810
1 411 613 981
1 693 997 408
1 61 311 816
1 146 909 273
1 149 723 385
2 706 756
1 371 826 149
2 563 694
1 122 743 294
2 191 719
1 120 349 241
2 17 718
2 257 685
2 603 647
1 389 648 98
2 100 943
2 255 403
2 708 925
2 331 579
2 397 739
1 621 730 369
1 199 347 856
2 583 777
2 49 658
1 738 793 582
1 376 754 850
1 592 806 489
2 266 375
1 456 936 693
2 302 592
1 462 871 376
2 875 884
1 21 190 912
1 525 586 593
2 32 121
1 335 777 714
1 105 677 140
2 581 984
1 17 893 152
1 88 331 77
2 641 796
1 558 895 520
1 119 195 336
2 503 557
2 60 479
2 484 911
1 722 988 661
2 446 494
2 44 122
1 378 770 147
2 245 822
2 157 783
2 35 890
1 237 537 53
1 338 485 516
1 451 934 531
1 734 844 840
1 278 947 148
2 276 561
1 247 477 118
1 490 498 151
1 11 410 647
1 48 767 256
1 86 725 278
2 93 637
1 948 971 230
1 193 908 742
1 172 816 578
1 522 690 604
1 337 453 397
2 527 649
1 389 922 937
1 767 803 478
2 66 901
2 367 852
2 79 98
2 434 589
1 725 979 852
1 483 768 842
1 539 994 492
1 378 860 551
2 31 812
1 498 736 462
2 235 299
1 277 589 61
1 376 976 305
1 207 814 609
1 171 406 652
2 423 962
1 315 836 659
1 535 796 199
1 37 61 81
2 371 728
2 207 479
1 486 771 220
1 251 544 328
1 706 840 598
2 429 728
1 327 692 582
1 52 644 368
1 691 887 354
2 675 916
1 803 929 132
1 39 332 712
1 564 708 916
2 687 834
2 375 433
1 382 754 776
1 212 975 600
2 209 439
1 366 803 520
1 177 951 939
1 154 725 830
2 522 636
2 389 797
2 769 909
1 797 887 186
1 281 614 128
2 124 889
2 496 585
1 562 755 884
2 555 572
1 20 578 920
2 859 860
1 205 941 493
1 307 890 853
2 820 986
1 45 599 485
2 147 206
2 329 934
1 156 411 416
1 158 398 970
1 570 762 733
1 272 357 502
1 116 477 917
1 475 683 276
1 120 667 980
1 261 606 172
2 386 655
1 138 326 709
1 99 858 6
2 386 494
1 357 661 678
2 346 840
2 217 668
1 500 880 276
2 201 255
1 147 701 313
2 817 856
2 340 500
2 289 889
1 50 138 71
1 754 767 117
2 310 347
1 220 469 482
2 281 464
1 136 954 29
2 66 672
1 12 965 874
1 4 908 476
1 377 538 783
2 446 610
1 100 281 692
1 48 135 231
2 582 819
2 309 537
1 313 747 911
2 309 912
2 274 796
1 68 192 549
2 824 919
1 402 983 403
1 497 555 221
2 390 621
1 257 739 865
2 83 376
2 714 956
1 618 813 410
2 305 995
1 247 254 986
2 298 447
1 279 772 952
1 351 927 689
1 230 591 364
2 377 707
1 456 686 830
2 346 536
1 525 832 771
2 172 936
1 183 686 455
1 391 801 797
2 250 686
1 192 536 259
2 179 915
1 241 951 703
1 903 964 495
2 425 589
1 874 945 307
1 531 915 764
1 417 870 616
1 324 746 310
2 197 341
2 218 416
2 886 935
2 77 102
1 697 939 470
1 705 887 522
2 43 737
1 36 259 931
1 367 701 877
2 829 994
2 481 787
2 879 934
1 305 379 536
1 551 588 592
1 255 851 420
1 669 868 743
2 583 950
2 392 713
2 686 775
2 285 964
2 799 991
1 793 804 27
1 337 632 414
2 624 927
2 795 802
1 644 702 832
1 131 136 23
2 320 676
1 171 696 566
1 647 764 841
1 490 889 524
1 267 936 847
1 434 827 851
2 520 910
1 27 913 746
2 132 171
1 91 106 20
2 251 910
2 676 824
2 50 213
2 626 928
1 208 854 566
1 485 577 825
1 270 837 35
1 573 955 560
1 126 591 893
2 32 247
2 111 169
1 161 238 207
1 449 703 877
2 298 813
2 274 475
2 503 617
1 156 845 362
1 332 810 810
2 247 848
2 169 329
2 131 891
1 342 668 372
1 76 567 154
2 586 686
2 177 208
2 122 950
2 218 885
2 203 938
1 47 470 898
2 242 763
2 95 96
1 828 944 18
1 92 623 65
1 530 543 271
2 773 808
2 274 670
2 9 424
1 94 505 746
2 118 445
1 292 632 68
1 475 568 785
1 315 816 626
2 541 634
1 330 945 508
1 354 458 629
2 666 800
2 617 766
2 642 796
2 182 483
2 22 247
2 531 588
2 226 958
2 512 768
1 69 393 436
2 110 238
1 203 707 4
2 755 823
2 410 928
2 129 636
2 398 743
2 814 865
2 420 832
1 693 977 603
1 196 748 640
2 336 378
2 324 547
1 438 708 458
1 357 431 167
1 424 961 353
1 29 299 84
1 25 860 160
1 365 397 116
2 118 338
2 144 223
2 478 586
2 429 481
2 57 107
1 142 553 134
1 202 347 936
1 727 891 962
2 227 894
2 82 759
1 830 899 510
2 559 880
1 7 894 524
1 22 330 137
1 148 526 558
2 239 265
1 501 650 345
1 352 481 860
1 310 334 634
2 159 361
1 855 863 606
1 330 488 791
2 539 916
1 236 265 307
2 299 698
1 50 225 72
2 244 683
2 569 725
1 447 781 671
1 300 520 387
1 810 818 851
1 934 998 173
1 195 350 529
2 63 808
1 507 704 878
2 765 802
2 343 668
1 351 448 664
2 53 485
2 718 934
1 746 778 376
1 269 306 347
2 203 625
2 234 873
2 330 414
1 218 904 586
1 491 647 161
2 795 907
1 725 728 661
1 72 498 75
1 184 564 770
2 43 356
2 166 615
1 328 569 335
1 82 101 674
2 70 803
1 1 355 298
2 163 436
2 451 668
1 659 662 158
1 380 630 770
2 231 488
2 193 622
1 529 935 467
2 322 466
2 328 774
1 642 823 455
2 188 722
1 252 774 449
2 214 334
1 335 892 258
2 338 987
1 92 316 664
1 177 472 784
1 841 957 923
2 339 660
1 459 699 704
2 417 630
2 183 840
1 298 652 898
1 445 519 316
2 915 963
2 82 788
2 545 561
1 14 742 19
1 662 759 976
2 256 790
2 49 261
1 104 992 685
2 229 421
2 308 720
1 112 638 386
2 709 754
1 659 833 358
2 410 779
1 125 522 994
2 253 381
1 328 690 227
2 27 577
2 379 963
2 952 995
2 258 282
2 177 699
1 328 796 344
1 799 887 949
2 351 854
1 652 856 459
2 454 479
2 55 455
1 456 949 988
1 33 354 124
1 655 935 385
1 401 515 714
2 305 560
1 164 818 187
1 179 188 284
1 742 745 767
2 150 169
2 619 624
2 494 644
2 174 190
1 258 928 290
2 45 491
2 309 696
1 619 889 396
2 484 988
1 769 914 344
2 353 737
2 767 876
2 54 200
1 16 537 172
1 50 404 753
2 19 773
1 634 911 566
2 473 799
1 107 485 309
1 397 592 525
1 37 296 566
2 143 368
1 78 986 167
2 231 346
2 371 812
2 594 710
2 149 572
2 77 601
2 138 837
2 325 721
1 229 594 897
2 151 202
2 114 728
2 141 994
2 692 697
2 92 683
1 41 208 347
1 174 498 4
2 321 886
1 591 629 81
2 261 803
1 220 369 382
1 132 424 39
1 20 482 606
1 340 643 825
2 220 837
1 16 45 742
2 578 743
1 288 369 272
1 184 193 665
1 20 546 939
2 799 808
1 573 723 288
1 52 620 611
1 351 778 633
1 833 914 747
2 265 341
2 601 917
1 64 66 456
2 276 500
2 629 919
2 770 820
1 578 923 613
1 609 634 908
2 452 550
2 808 941
2 786 989
2 480 675
2 17 221
2 159 517
2 523 592
1 247 979 253
2 73 455
2 184 375
2 637 763
1 198 933 355
2 238 858
1 505 764 525
1 417 888 228
1 348 964 896
2 422 765
1 56 872 552
2 895 987
1 614 750 816
2 50 462
2 132 887
2 802 908
2 79 644
1 218 940 172
2 517 725
1 25 902 225
2 468 476
2 342 739
2 290 993
1 157 668 856
2 403 706
2 216 994
2 219 809
2 492 842
1 705 808 928
2 512 850
1 179 672 640
2 35 149
1 73 131 135
1 73 515 611
1 589 827 929
2 864 994
2 442 580
2 320 900
1 362 950 441
2 633 986
1 339 645 772
1 722 902 127
1 423 779 852
1 252 546 36
2 306 751
1 34 872 739
1 147 590 457
1 290 823 845
2 193 692
1 62 850 934
1 210 489 476
2 208 678
2 429 829
1 475 952 90
2 257 327
2 828 909
2 81 787
1 666 890 9
1 12 174 852
2 779 848
1 407 929 664
2 230 976
2 38 780
1 194 794 947
2 154 338
1 109 684 313
1 182 467 620
2 401 510
1 708 985 73
2 429 636
1 62 941 190
2 523 669
2 361 887
1 473 491 477
2 238 529
1 189 866 765
2 820 939
1 304 844 504
1 310 723 356
2 83 544
2 449 653
1 892 956 612
2 314 825
1 198 316 835
1 215 258 313
2 288 679
2 82 911
2 228 487
1 531 566 887
1 527 779 716
1 52 201 433
2 264 794
1 197 475 64
1 283 695 302
2 71 860
1 488 686 572
1 230 958 144
1 582 974 561
2 616 926
2 222 859
2 229 817
2 172 632
1 214 795 578
2 748 837
1 222 782 573
1 255 447 329
1 65 682 660
2 10 761
1 189 242 89
1 12 734 362
2 686 793
2 411 815
1 663 943 458
2 272 958
1 448 882 713
1 28 596 896
1 120 904 264
2 703 950
1 586 697 754
2 51 279
2 48 144
2 245 951
1 152 999 359
1 375 864 771
1 181 734 630
2 186 483
1 274 820 190
2 773 896
2 253 939
1 16 819 575
2 26 484
2 594 894
1 150 839 911
2 175 594
1 646 958 781
2 493 606
1 624 898 825
2 47 967
2 152 210
2 833 946
1 131 973 608
1 450 674 510
2 631 803
1 102 583 58
1 159 969 873
2 51 553
1 151 363 820
1 756 825 702
2 97 531
1 432 876 906
1 457 616 121
2 371 963
1 10 736 392
1 381 836 255
1 459 645 328
1 42 466 925
2 879 966
1 70 969 485
1 66 511 71
2 243 606
1 235 901 507
2 243 727
1 4 179 554
2 357 624
1 691 748 271
1 806 838 872
1 18 204 141
2 403 918
2 236 787
1 271 406 254
1 592 671 712
2 144 282
2 197 248
2 338 585
1 527 686 598
2 387 396
2 660 950
2 224 756
1 425 995 803
2 880 957
1 4 314 586
2 193 869
2 68 302
1 104 911 342
2 605 920
2 241 995
1 161 538 720
1 706 715 759
2 575 785
2 392 619
2 39 906
1 417 929 23
2 412 916
2 337 373
2 105 558
1 344 950 826
1 321 396 990
1 740 888 423
2 224 405
2 154 168
2 26 441
1 607 666 322
2 63 219
2 61 222
2 402 832
2 207 932
1 600 606 202
1 123 187 178
1 480 591 746
1 15 661 307
2 108 297
1 412 686 603
2 331 942
1 331 814 160
1 209 214 216
1 132 201 863
2 446 815
1 313 863 446
2 14 198
1 134 160 1
2 846 981
2 693 759
2 158 272
2 649 896
2 296 887
2 279 403
1 558 754 249
2 317 930
2 917 957
1 343 434 535
1 62 310 264
1 258 635 432
1 440 793 870
2 385 799
1 338 774 103
2 92 722
1 592 876 647
2 14 881
1 71 978 24
1 218 408 977
2 796 981
2 426 463
2 526 799
2 77 497
1 119 817 900
2 267 272
1 827 964 457
2 562 772
2 218 571
2 843 856
1 558 733 855
1 357 964 203
2 33 375
1 677 958 720
1 74 867 96
1 499 713 174
2 30 321
1 6 879 649
2 723 960
1 416 584 218
2 507 570
1 166 934 653
1 325 385 497
1 123 774 793
2 276 436
1 213 979 159
1 337 635 967
1 352 827 948
2 354 992
2 334 840
1 578 809 553
1 433 598 152
2 688 920
1 397 914 315
1 749 889 948
1 333 791 304
2 895 956
1 331 818 785
2 58 771
2 174 516
1 222 614 195
1 132 236 424
2 432 546
2 830 910
1 262 977 304
1 273 833 774
2 10 216
2 101 762
2 377 971
2 500 944
1 120 745 890
1 829 887 998
1 591 639 967
2 336 383
2 140 949
1 504 699 942
1 56 959 22
2 541 981
2 50 294
1 680 684 902
1 213 228 516
2 183 974
2 29 390
1 747 958 632
2 190 900
1 103 598 933
2 360 601
2 35 310
1 272 936 557
1 109 204 536
1 133 854 564
2 26 190
2 379 718
1 581 614 958
1 444 969 85
1 609 773 41
1 451 759 551
1 376 768 249
1 228 685 510
2 275 341
1 724 968 747
2 233 298
2 131 719
1 566 944 720
2 461 786
2 15 388
2 149 408
1 198 311 109
1 400 770 202
2 129 792
2 598 978
1 188 245 445
1 336 842 328
2 298 307
1 197 979 618
2 561 594
2 159 600
1 200 485 779
1 81 956 808
2 481 754
1 182 217 675
2 304 314
1 193 935 810
2 569 616
2 517 602
2 469 770
1 244 314 370
1 37 686 284
1 726 856 706
2 742 771
2 22 238
2 106 291
1 12 733 312
2 866 988
2 60 824
2 292 708
2 356 584
2 55 996
1 166 943 653
1 369 423 730
