70
10 10 3
949 5 5
795 8 8
501 1 7
999 2 4
992 1 6
634 2 7
486 5 7
696 8 9
359 3 5
847 8 9
10 10 9
543 5 5
573 7 10
4 3 8
56 3 5
250 4 5
143 2 7
83 8 8
696 5 7
862 4 10
268 5 6
10 10 4
950 7 9
165 2 5
602 4 6
43 2 6
695 5 5
45 2 3
253 1 7
856 1 4
739 3 6
115 1 2
10 10 10
333 2 8
336 2 8
31 5 6
69 8 9
645 1 8
616 7 10
907 9 10
241 5 7
289 3 10
534 4 9
10 10 1
240 1 7
952 2 4
202 4 5
454 3 4
108 3 3
286 2 6
661 4 7
998 2 4
182 8 9
722 1 3
10 10 7
326 4 9
217 1 2
895 7 7
340 5 7
538 2 10
348 3 5
993 2 3
855 3 5
912 2 7
90 3 3
10 10 3
641 5 6
411 3 4
924 5 8
130 5 10
535 4 5
143 4 7
613 4 6
427 5 8
656 3 7
493 2 2
10 10 2
610 1 10
525 1 3
315 6 8
279 1 7
496 3 10
699 3 5
564 6 8
599 6 10
377 3 9
932 4 6
10 10 3
324 4 5
727 8 10
395 3 8
587 2 8
848 6 10
60 2 5
436 2 2
726 2 4
616 1 10
899 6 8
10 10 8
935 1 8
316 3 10
759 1 2
147 1 3
28 2 6
442 4 7
238 2 4
783 1 9
41 4 9
579 6 6
10 10 6
359 4 8
428 4 7
147 2 3
536 4 9
84 3 10
242 4 10
599 6 8
890 6 10
572 7 10
993 2 6
10 10 1
416 5 8
875 3 7
877 4 5
28 1 10
362 3 10
80 1 5
707 1 9
870 7 8
869 7 9
518 7 7
10 10 7
116 3 10
838 2 3
484 2 7
304 1 7
979 4 4
685 1 2
526 4 5
274 4 6
317 5 7
236 1 1
10 10 8
185 9 10
700 3 10
694 2 9
322 2 10
696 1 8
634 1 7
323 2 9
422 6 10
937 4 7
548 7 8
10 10 2
676 5 8
421 4 10
825 2 3
161 4 9
709 5 8
940 7 9
915 6 7
910 2 5
762 1 6
797 4 6
10 10 7
871 4 8
220 9 10
189 8 9
379 1 2
959 5 10
13 6 7
853 1 2
339 6 8
658 1 9
337 2 10
10 10 9
642 3 7
198 3 4
174 3 9
545 5 6
426 2 3
745 4 8
983 7 9
51 1 4
329 4 9
330 7 10
10 10 7
357 6 8
42 6 10
149 4 7
783 1 2
217 1 4
684 4 6
104 3 3
160 1 2
45 5 8
32 9 9
10 10 10
909 3 8
864 4 7
699 1 9
804 9 9
968 5 8
780 4 10
81 8 9
4 2 2
858 7 9
630 1 4
10 10 8
684 3 7
253 5 5
934 1 7
766 3 3
949 6 6
459 6 8
580 1 4
622 2 10
955 2 4
488 5 5
10 10 2
600 2 7
689 2 8
804 6 8
281 7 9
365 1 4
14 8 9
324 6 10
239 4 9
552 8 10
592 2 3
10 10 4
311 1 7
771 4 9
398 1 6
161 7 10
835 5 8
724 5 9
110 6 8
862 1 4
706 5 7
106 5 6
10 10 8
518 5 5
226 4 9
519 10 10
289 9 9
812 5 8
473 1 3
956 7 8
433 4 4
308 8 10
779 6 10
10 10 4
757 1 4
316 4 9
364 1 1
458 2 8
480 3 9
499 1 3
704 4 8
810 4 7
792 2 7
755 3 9
10 10 7
612 2 9
352 4 6
659 2 4
268 6 8
605 7 10
914 4 8
549 9 10
437 7 7
814 5 8
247 3 7
10 10 2
53 3 6
685 7 7
147 1 8
958 2 3
951 1 1
230 6 7
518 1 8
542 3 9
249 5 7
307 3 9
10 10 7
537 4 9
31 8 10
213 6 10
309 1 4
701 4 6
323 10 10
192 9 10
304 2 3
752 6 7
811 3 3
10 10 9
912 4 5
134 2 7
257 4 7
807 2 3
631 2 7
32 2 3
10 5 10
694 4 9
770 2 3
703 4 9
10 10 9
987 4 6
607 1 2
566 7 10
452 1 6
635 6 6
400 3 4
366 1 7
83 1 10
306 8 10
842 4 9
10 10 1
448 2 9
700 3 5
405 3 9
98 8 9
700 1 7
196 3 7
673 2 3
997 5 6
548 1 5
877 4 6
10 10 7
600 5 6
668 2 2
964 3 4
779 2 6
567 6 7
714 6 6
298 2 7
265 1 5
300 6 8
261 3 7
10 10 9
485 1 2
508 1 10
485 6 7
889 3 10
136 2 2
926 4 6
604 4 9
379 5 7
697 3 7
29 2 4
10 10 5
436 5 10
435 1 3
488 7 7
440 9 9
477 1 6
280 2 8
183 5 7
771 4 5
475 2 4
966 2 8
10 10 10
215 6 7
773 6 7
800 1 9
647 2 10
695 7 8
873 5 9
107 7 9
259 1 8
233 1 10
321 5 7
10 10 10
941 2 6
292 5 6
505 4 8
142 2 10
958 7 9
868 3 8
519 4 7
555 5 7
549 3 8
560 4 8
10 10 9
202 1 4
735 1 3
125 6 7
958 3 6
224 1 8
548 4 6
507 3 7
566 2 7
145 2 6
800 4 7
10 10 2
400 1 2
646 3 3
122 3 5
987 5 10
733 3 5
803 9 9
855 6 9
930 2 6
394 7 8
568 3 8
10 10 7
3 2 10
835 1 6
902 2 10
792 1 6
212 7 8
742 9 10
539 2 3
646 1 1
38 3 10
581 5 10
10 10 10
407 4 5
15 6 6
651 5 5
166 2 4
285 9 10
516 1 9
672 1 9
940 3 6
290 3 6
466 2 5
10 10 5
822 1 7
489 1 9
766 3 8
560 4 4
590 7 9
390 3 10
929 4 8
689 2 4
440 2 5
113 9 10
10 10 3
825 1 2
792 7 9
528 5 6
378 7 8
954 8 10
966 3 9
248 3 8
19 1 10
850 5 7
627 1 10
10 10 5
255 3 3
160 3 7
993 2 6
794 3 9
998 5 9
301 2 3
605 5 6
905 9 10
779 8 10
498 3 3
10 10 10
471 2 8
622 2 8
18 5 10
368 2 6
430 6 10
184 3 4
796 6 9
151 2 8
205 6 6
957 4 9
10 10 3
297 3 4
373 3 10
578 2 9
941 7 9
153 6 10
198 4 9
84 1 8
453 8 9
860 1 4
988 4 6
10 10 10
272 1 2
705 4 9
639 2 3
225 2 9
82 2 8
317 3 6
423 4 10
610 3 6
694 7 9
937 6 7
10 10 6
766 2 6
550 7 8
910 2 2
156 3 6
117 4 5
116 1 5
26 5 8
437 4 8
879 8 9
589 6 6
10 10 9
676 2 9
434 3 4
225 6 6
482 5 6
185 3 8
258 7 8
662 5 10
886 2 3
603 2 8
367 7 8
10 10 2
299 2 10
737 5 10
124 2 2
909 1 4
551 5 6
444 4 7
612 3 10
650 1 7
20 5 5
721 1 1
10 10 1
723 4 4
733 2 4
210 7 10
135 1 5
839 7 10
619 8 10
739 1 10
891 1 9
114 2 3
472 4 8
10 10 7
955 6 9
286 7 8
159 4 5
862 7 8
646 1 4
957 5 5
22 4 10
712 1 3
101 3 7
148 9 10
10 10 7
179 1 6
671 5 10
465 8 10
678 3 8
0 3 9
722 2 7
888 10 10
625 6 10
406 1 10
154 5 5
10 10 7
394 4 8
347 2 8
975 3 9
115 6 7
577 4 9
859 1 5
588 3 6
385 4 4
236 3 9
939 3 7
10 10 10
463 5 10
368 3 8
989 5 8
80 6 7
305 2 7
8 7 8
71 7 10
372 2 9
573 1 10
327 4 8
10 10 9
947 7 9
768 3 3
881 4 5
856 7 8
409 5 6
218 2 10
243 7 7
733 6 10
894 9 10
236 1 6
10 10 8
379 6 9
723 1 7
753 1 5
893 4 6
282 3 6
347 6 6
239 2 5
447 9 10
648 3 5
965 1 10
10 10 1
985 3 5
258 4 5
932 3 4
343 4 10
20 2 4
661 1 2
759 1 8
929 2 8
837 3 9
701 9 9
10 10 10
202 7 8
492 3 7
432 6 7
34 1 8
701 1 2
299 3 3
835 2 7
65 1 9
613 4 6
441 4 5
10 10 1
470 5 10
28 4 6
302 5 6
868 6 9
909 1 8
918 6 10
925 4 10
397 1 3
187 7 7
856 7 10
10 10 6
128 6 6
924 4 7
18 5 7
766 9 10
415 4 7
20 1 8
273 3 3
347 6 9
123 5 7
9 2 4
10 10 1
30 1 6
366 1 10
565 4 8
620 2 2
602 5 10
489 2 7
438 1 6
161 6 10
821 1 5
166 1 8
10 10 1
396 6 6
911 1 6
896 6 10
603 2 8
397 1 2
705 4 10
744 1 1
552 8 9
443 8 9
746 9 10
10 10 9
687 3 4
728 4 4
92 8 9
110 1 5
863 8 10
234 7 7
335 1 8
868 9 9
779 6 6
291 8 10
10 10 8
278 4 6
130 1 8
535 2 9
656 2 3
899 1 3
352 1 1
636 6 10
88 2 4
942 2 6
663 2 9
10 10 4
667 2 5
171 6 7
420 2 2
541 2 4
777 7 9
892 3 7
287 2 10
438 5 5
908 1 2
418 8 9
10 10 6
142 1 5
976 1 7
946 1 2
593 6 10
832 3 4
621 4 7
802 6 7
670 4 8
951 1 4
321 4 10
10 10 4
905 7 9
459 1 7
599 7 8
891 1 9
275 3 8
421 4 6
421 3 6
486 5 8
155 1 6
962 4 7
10 10 7
632 3 6
801 4 9
676 2 6
573 4 9
333 2 5
425 3 8
145 2 4
617 3 8
498 6 8
664 5 8
10 10 8
776 4 5
857 2 9
321 1 5
589 4 9
827 1 7
102 3 4
313 3 6
158 3 4
944 2 4
34 1 1
10 10 9
675 4 5
941 4 10
937 4 9
811 2 6
931 4 8
728 1 3
530 3 7
776 4 6
311 2 10
950 2 8
10 10 4
684 7 8
841 8 10
203 1 1
56 5 6
355 3 4
608 2 3
898 3 4
564 3 9
749 2 10
540 4 5
10 10 8
705 1 9
883 4 8
30 4 6
104 6 6
514 1 6
865 5 7
609 1 5
155 2 3
310 1 9
294 6 8
10 10 4
887 5 7
407 6 10
850 4 7
151 2 2
518 2 5
391 6 7
342 7 9
83 2 3
450 6 8
310 2 9
10 10 8
942 4 8
461 4 7
827 6 10
319 3 6
615 1 4
924 3 10
436 4 8
461 7 8
100 3 4
229 2 8
10 10 7
734 1 10
656 4 6
77 9 9
908 3 4
503 2 9
768 4 9
771 3 10
129 2 3
468 5 5
771 4 4
10 10 2
298 4 5
700 2 10
883 3 4
314 1 6
118 1 7
993 1 3
158 3 5
933 6 8
663 1 3
74 2 7
10 10 2
481 7 10
121 5 9
316 3 10
795 7 9
589 2 8
353 6 8
81 6 10
395 6 10
361 5 10
482 5 10
10 10 9
877 3 4
452 3 4
574 2 5
604 10 10
516 6 9
716 3 9
215 3 8
514 8 9
670 1 9
746 8 9
10 10 1
662 2 10
810 3 9
451 7 10
64 2 9
116 1 3
980 4 10
956 1 1
594 2 5
877 5 5
367 10 10
10 10 5
5 1 9
975 1 10
627 2 3
872 9 10
539 1 5
358 7 9
965 2 10
499 3 9
797 2 3
831 7 10
10 10 10
704 5 7
119 8 10
874 8 10
890 2 10
232 6 7
726 4 10
201 2 6
607 3 5
126 4 6
167 8 8
10 10 6
164 2 7
991 5 10
744 6 7
129 7 7
374 2 9
984 1 9
227 3 6
342 8 10
905 2 5
806 5 8
