10
10 10 5
262121 1 7
137545 4 9
174485 6 7
116067 5 9
184461 3 5
130113 2 7
219940 4 8
296281 1 4
255421 5 5
292744 1 1
10 10 9
111926 1 1
162097 1 1
169153 1 3
152749 1 6
181997 3 6
50227 2 5
193380 1 1
12097 1 1
169536 3 9
107977 2 2
10 10 3
87941 1 1
190693 1 6
164713 1 10
76230 4 5
202861 3 5
247045 2 4
268135 1 1
112984 3 10
264225 1 9
105331 2 7
10 10 9
77773 6 9
271567 3 9
19702 2 7
208701 1 4
128861 1 3
224881 2 2
45637 2 3
205963 6 9
134221 1 6
213203 1 3
10 10 10
142661 1 3
280387 2 5
721 3 6
274877 1 1
69899 4 5
144479 2 2
74141 5 5
288033 3 8
178831 4 7
289358 1 1
10 10 1
239779 5 6
88003 1 1
153361 5 5
32521 1 1
202159 1 1
161371 1 1
225441 1 5
51315 2 3
15367 1 1
224869 1 3
10 10 3
150961 1 3
170251 2 6
41589 1 1
144929 1 5
160821 1 6
41371 1 8
220800 1 1
259390 1 1
248493 1 1
285841 1 1
10 10 6
51142 1 5
144415 1 3
15721 7 9
86416 2 7
289555 1 6
147737 9 10
111421 5 8
29671 1 2
261195 1 1
74956 1 3
10 10 3
198361 4 6
209098 4 7
27141 1 8
281521 1 8
236029 7 7
226753 1 4
208217 1 1
287453 8 8
295809 1 3
102586 1 1
10 10 10
212805 3 5
88675 2 4
115097 2 2
248510 1 7
41284 6 7
281346 1 7
185602 1 2
118253 1 9
114385 1 1
156577 1 1
