10
10 10 6
122977 1 1
280831 1 1
76657 2 9
134385 1 3
58468 1 5
216955 5 7
151288 1 2
299943 1 5
32619 1 3
295731 1 5
10 10 5
275301 1 6
15061 3 3
168187 1 9
33307 5 7
217486 3 3
258037 3 6
130404 1 7
170466 4 4
251825 1 1
202220 1 1
10 10 10
25985 1 9
278573 1 1
83281 1 1
71006 2 2
148221 1 1
176881 1 5
226817 1 9
64705 1 1
157393 7 7
177601 1 5
10 10 7
226241 6 7
184501 8 9
4953 1 3
41941 7 9
233125 1 6
207501 5 9
178801 1 6
94325 1 1
76571 6 6
34009 1 5
10 10 7
225889 5 10
25488 1 8
275251 2 2
40741 1 3
47839 3 5
56776 1 1
140759 1 1
299391 6 10
270433 1 1
256133 6 9
10 10 1
290062 1 10
297706 1 5
32775 1 1
3889 4 9
182275 1 1
123691 1 1
94644 1 7
257710 1 3
115393 1 6
205793 5 5
10 10 1
40666 1 1
224421 7 9
270611 5 5
95453 1 1
190846 1 1
191067 1 1
155299 5 6
10315 1 10
22117 1 6
213193 1 5
10 10 2
40101 1 1
68416 5 5
269529 2 2
279001 1 1
66013 1 1
135517 1 6
33592 1 3
266701 3 3
283235 1 3
190916 2 5
10 10 1
201547 5 9
191995 1 1
201015 1 1
183463 5 6
275509 1 1
146089 1 1
236971 5 9
199271 1 10
279054 1 1
220516 1 8
10 10 7
37729 1 5
123821 1 5
74866 3 3
142116 9 10
174849 1 1
208355 1 2
155329 3 3
287530 2 3
71871 3 5
240349 1 1
