9378 2141
793 6138
8597 7262
9125 5465
1521 4452
1388 468
4 5299
3703 8069
3539 7877
4145 3129
1513 8076
8396 428
4332 576
8360 6200
861 2951
3152 1079
3886 783
958 3865
7216 7511
401 8248
2473 6380
1940 1208
964 1755
5130 5289
2610 1557
4967 7021
2288 637
4938 2980
8546 1120
2750 3791
1119 4152
3953 1739
8380 33
1257 5190
1141 2716
2429 4605
4917 2191
2322 1265
4607 5835
5980 6398
6306 1658
6736 730
3848 4150
8513 5626
8600 1205
5157 3214
2310 6411
720 6469
4186 1301
8368 7490
239 226
3015 1255
553 3560
8873 1181
413 1967
2667 8996
3939 3513
5108 5644
2129 7071
9059 5037
9209 6552
8745 3153
1111 1026
8276 5190
5488 1082
2291 9168
5378 7115
3388 8429
2367 5839
1471 2634
1741 7185
287 4810
1691 4668
6680 1922
3037 2329
4970 6023
3714 6553
8241 3535
3952 2633
7974 595
5831 2605
2208 5015
3896 2164
3964 6761
7664 1733
8446 3583
8203 5593
3343 2867
3967 132
5707 3623
8113 6298
3432 7411
7176 6716
42 459
3847 6951
8493 3520
1507 2148
5471 4970
6900 1724
9208 3783
2265 170
3533 3010
5995 4524
1298 1576
8434 5882
2641 2441
5261 6840
1441 1938
4422 743
754 5058
3454 4900
3797 9326
1043 2617
6254 1129
2592 7639
8757 5680
2985 3131
4283 5664
4968 6512
1888 7378
1494 2700
4241 5108
6371 5993
35 4491
1999 3306
5376 1577
1172 5997
1056 2653
6339 9345
511 733
3049 3059
821 3276
5886 5096
6311 3198
6194 9298
2445 1975
5175 6239
4924 510
208 783
8714 5331
4458 7784
5613 7942
742 5475
6847 9157
7917 6265
9146 2671
6715 3737
1773 4802
5254 7722
2267 2299
6483 1083
4563 3232
2107 1593
5194 6913
8904 2193
8361 2527
344 388
4332 956
1316 7890
3439 6145
3904 3023
3105 6854
7662 1874
8311 3131
7500 643
379 1522
3024 2671
4281 9021
1168 4200
2704 1242
3439 2399
2441 2510
4449 7054
5849 593
2862 8262
5277 2456
9186 2094
1893 4841
561 3524
2532 8542
3030 8472
1277 4858
7503 1940
1463 1635
9239 8209
5935 3700
6696 7316
2985 5398
1655 9035
6888 4573
760 1335
7351 1056
3995 3420
3079 3335
3958 5308
7867 6578
3750 6615
7041 8166
3957 725
4871 4494
7927 598
6285 7383
4641 4164
7313 802
2871 3807
988 2037
5107 671
8475 8086
4188 4409
5902 5211
3897 8320
158 4932
1037 606
7305 8217
5046 699
8226 2047
452 8071
6202 1772
2371 3278
7412 5121
3221 544
6752 2022
7623 801
2130 5060
129 4789
6530 5208
1029 4114
1438 5207
7661 7783
7494 2809
302 3376
4767 787
1940 3270
319 5401
618 930
3724 526
5097 5666
2197 571
5144 5472
9229 279
8536 6388
7437 8359
5762 7582
4794 7766
1737 5222
475 4881
3246 727
826 1444
7204 7941
8219 424
816 2498
849 5574
9228 4633
4525 8769
4373 9004
2987 585
6732 8610
8026 6598
5596 5320
2724 6883
1753 560
4175 267
9018 3318
6779 7923
8844 8415
4379 2787
4558 8565
2465 9118
4858 3762
4257 1208
3010 5442
2807 2423
2811 8326
4626 2370
2422 2628
5563 333
697 8168
682 3847
8499 7651
4279 8770
2424 2722
6982 6069
20 903
6915 3519
2845 2089
3182 396
3874 7536
8637 562
3090 4614
9142 3780
7993 4425
4298 3194
3796 7228
6524 3611
7181 468
6826 5306
271 5113
3006 20
8522 3271
2465 8032
2782 973
9066 1733
5639 4484
5603 2874
2625 8143
2380 5943
6417 6417
7863 1170
5012 2409
2280 2363
1550 1337
8572 6991
8191 8552
4601 8513
4979 1643
4705 7578
2378 3873
8067 1638
2607 8602
6156 1539
8484 3548
8969 256
5564 8565
1102 6750
1055 701
7601 8900
2483 1530
2973 7704
1859 3576
6614 4590
6940 808
5136 4705
6723 7187
1918 6937
3691 4131
8033 1626
7206 6025
8204 2528
4526 1510
818 2943
760 1926
6410 50
7440 6279
6062 4942
2067 6323
928 48
4195 646
3825 5136
5009 39
3400 2088
4057 3171
8272 6961
6833 4520
9081 1680
7401 3752
4466 4397
6444 3262
7470 558
135 6422
406 4010
8851 7007
4379 7600
1252 5513
4884 4090
3298 1893
3467 5341
8844 3651
7736 5793
4142 9271
3619 1447
20 5609
8693 5435
9159 4317
2571 8167
2279 6978
5381 9087
6242 2686
2708 3469
7409 953
6872 4704
5656 6293
4014 3201
70 3337
2062 3997
8039 4266
8680 2067
1466 6501
66 3997
7339 1945
3821 2779
3084 3203
2045 4137
4628 2117
6606 2416
9280 5120
3012 4135
250 4356
8496 1844
2381 4578
9358 1358
6784 4054
762 4797
3177 1166
6489 1311
2276 175
6135 7578
6476 4427
8266 129
2913 2032
303 1578
3122 3235
4584 3045
1497 3311
3396 3837
8144 180
4996 945
766 6528
4596 7179
6231 2823
3752 1886
2644 279
6098 4511
2528 5692
8333 6465
3078 1486
2470 3642
4436 3858
3302 5271
7695 8076
36 8246
723 6181
5685 9335
2609 2416
9292 3143
3037 5884
4348 4365
5962 5852
1858 165
5408 1992
4592 3286
4890 6378
569 7794
1074 5898
4303 8779
6098 2166
6890 818
1370 1051
8787 3621
4185 8043
5410 6398
281 4599
1202 1293
3011 8687
7358 1926
1415 2057
8067 2152
1706 1314
2385 11
9288 8215
7168 700
609 8929
5747 1314
8432 614
6108 1696
223 9177
3832 3435
5245 2323
5406 2629
6295 7308
5113 4304
837 557
839 8640
8384 1248
7991 283
3780 4870
1512 4548
7370 2289
8204 2383
1988 6407
7514 6202
2325 3174
3207 744
2086 2472
3743 3077
2822 7197
2921 7468
4956 6119
1799 8225
386 4694
271 1382
1773 8409
8906 4866
7755 5160
8662 2334
4528 1160
8156 4310
1337 8246
3528 874
3583 3444
1160 519
5848 2030
5398 3232
6165 3599
5639 3899
7448 2782
1180 6477
6856 3192
8076 8351
121 5264
7939 608
1736 208
2266 5235
344 7414
1933 7619
4245 8327
6319 1088
7986 1709
9345 7823
1976 5934
6352 6573
1258 3081
6323 1121
4457 1551
5182 1594
8852 1912
8306 6830
7696 4715
2353 7684
434 4552
1651 2298
8331 1184
4013 4824
9343 8855
3855 5836
9142 7256
6606 2531
3145 1248
3376 9288
3660 6279
5575 2828
5031 1146
9069 3734
4210 1558
5882 4274
5662 1113
3053 21
1836 8171
1502 5674
3395 276
3195 1424
2539 1422
8264 4844
8941 4421
5191 4454
23 1248
9160 693
9272 2063
1723 3211
6223 1063
352 284
3858 5393
7967 2909
8639 3758
5461 5837
5232 1880
4216 9364
9159 884
3105 1734
3434 8043
7314 3266
3711 3049
5875 5980
7531 5750
7563 8580
1144 3907
5327 9135
9316 9143
1134 97
1581 9144
2993 1308
9192 8796
918 3090
105 8665
5603 3574
6818 170
2437 4748
1768 9355
3495 4743
7381 6233
2561 1012
4781 5968
6797 752
1459 6321
6370 5023
661 3107
8640 5712
7726 4464
7619 4059
7977 8867
6139 855
4632 8690
8099 4203
366 8296
4459 445
4910 9020
1760 9374
5404 7599
4062 4616
79 7111
7018 8868
7827 6633
3363 2971
5524 7300
7322 6509
9373 8823
8298 1144
8776 2799
1359 7228
1642 1966
5873 4688
3918 3179
7864 2763
1037 4466
464 6823
4216 514
6627 3728
6427 2920
4937 4122
532 4940
3566 1180
242 1691
5694 6358
5540 5317
3098 1906
3253 1561
8668 4226
1354 8016
1640 7460
8835 5976
3173 1388
1755 5765
1151 1590
3905 3142
6934 9257
3045 6209
6087 3111
412 3968
5148 2833
2941 8506
2991 626
3455 4327
3695 3219
6626 7532
7781 8622
4295 2835
10 4480
6721 2276
2119 1342
7970 9040
2230 7853
2604 7909
7428 5090
6583 3852
3397 3690
2364 6839
1542 2787
5620 2381
9240 9338
8166 2060
5543 1810
5545 8870
1378 2894
3118 8958
3864 2785
3540 3437
1645 6904
5513 9052
6546 707
1932 8029
5971 2167
7945 6374
5779 8814
8755 1910
634 657
6865 3414
4099 7108
7589 344
7710 835
1198 153
7136 2332
8563 1765
5920 7311
2284 6227
3961 3552
7523 4483
3355 8691
7918 1260
796 6143
7718 8942
8774 5648
6141 6969
60 3257
6027 4880
4508 1049
9217 8681
235 1832
8818 535
1085 8629
4827 2864
1866 9372
2759 4430
4311 9170
2536 1978
6124 6513
2487 5950
2846 9070
3001 5457
5722 3012
1469 3159
75 5153
887 3816
1048 4270
4360 5695
494 4539
4406 4607
8538 927
190 55
2560 2065
4397 6984
5346 4152
7538 8014
7494 3931
1837 3308
6920 6028
9132 3837
6645 8673
8825 4042
5852 4385
5331 8689
2680 1278
9267 550
1379 4148
8214 2247
609 3357
603 7790
7215 3582
4954 1918
9261 5280
5151 7162
427 8242
7099 5917
7513 1154
2862 6443
7634 7100
8013 1019
5474 8588
6796 5391
1280 8477
2730 3090
4900 8922
9248 7273
7925 5600
5330 2528
3256 3430
4184 2259
3335 2090
6706 3717
8768 3560
2356 5789
1161 9203
4543 2159
1264 2094
6099 3157
7522 4489
7122 8405
2420 8763
9027 1252
5342 2765
1101 1048
7280 1356
2302 4294
1641 8945
5653 771
6426 7592
6243 3584
6153 3651
1555 3177
494 7599
4912 3695
6827 7065
7527 572
7478 694
4775 1771
8273 2667
8464 2643
5663 907
5728 7779
1657 4535
2125 341
324 3385
1975 3652
1746 7927
1425 4467
3531 2666
3715 199
1601 8828
59 3955
916 4902
4184 4325
8439 4544
1852 7569
5319 2363
4570 4585
6628 7649
4174 5637
8466 8078
7995 2540
1627 7768
2271 1628
5186 5878
1215 1972
5301 3317
4594 5244
4912 2603
3682 1876
3868 4025
3070 1911
7826 131
1278 7549
2599 5331
1358 5695
1157 4586
3350 8380
2177 8693
2696 8740
9060 6224
3389 6736
4810 3850
3985 5089
3543 1798
7079 3718
8163 2396
6275 4470
4682 6138
943 8435
682 9148
7334 3401
8902 2609
7346 3494
1450 7755
1681 2323
8564 5579
5173 81
2697 1488
5070 3978
3574 4618
2286 2599
3829 1966
1258 1114
5335 2717
6879 1001
4390 3449
7890 1479
605 1340
4635 5068
8551 3143
8070 987
1154 8992
8771 7539
7834 2109
831 2238
6218 7100
3464 7379
3069 1436
6429 5467
9153 3732
1538 4711
9201 6593
3421 2601
629 3040
1263 9112
1267 8081
7693 8952
2122 6374
602 364
7270 3458
3601 141
7462 3935
4021 5848
889 5163
3172 3183
5424 3055
3217 8475
2998 343
4079 4534
9135 4206
6243 4464
6058 4048
878 2358
2781 189
7124 3764
8366 8937
7446 6958
2374 7331
4857 6652
8093 4518
1490 7672
1386 7218
86 8044
8102 253
6486 4880
6939 4623
3094 5566
3837 6316
2450 8711
3010 1040
1605 2792
6148 4215
2060 3994
4188 13
5096 6636
8910 5906
6911 4155
3574 2651
1705 6013
1507 4254
7533 5827
2072 2726
1583 5677
907 3049
4222 8352
1880 4062
2096 8208
6469 4121
5760 303
1829 761
6499 108
7889 7380
6909 1191
8447 7425
1849 7190
8660 6558
72 19
1972 348
4953 157
170 2296
7870 437
2613 3260
1375 217
7587 1007
4470 4891
7130 8582
8944 6979
1871 3382
7983 2436
2384 640
1784 9322
5154 2513
5355 3442
8638 2716
445 698
6311 3648
6068 2605
7515 561
4342 8014
4578 2370
7989 3099
2871 6792
5785 2590
8016 3499
7738 2003
3723 2413
669 2769
913 2388
2973 3672
4497 4333
6178 7080
2184 7715
1354 8946
4178 1176
2 6733
8203 2720
3215 3716
8645 5712
2505 1891
7645 8746
9012 3332
6713 3270
5378 3711
2900 8214
1029 7103
8793 3097
5617 2647
5088 2121
6130 4007
7516 4556
3497 1856
2760 6860
698 5884
1197 195
7334 3290
2394 2624
5528 4957
4900 6513
1919 2294
5516 8919
3477 5732
7299 191
8367 5611
5744 3649
295 308
3723 3839
4692 5815
6875 6604
2319 3946
7987 7245
3225 2657
4954 2428
5617 506
402 189
2661 4996
91 8579
5159 5517
8370 306
8134 3626
5818 6605
1748 939
6205 522
5581 5012
8082 8911
5590 6096
4362 371
8650 2930
6072 7719
3976 2421
8757 8405
3964 6384
3128 2917
1513 2986
5646 2039
1372 678
4011 1684
739 3975
4386 8657
1524 2178
108 7644
3654 1720
2259 3259
2679 9034
7550 218
421 8751
2436 2391
4935 7866
4445 2690
2365 3773
6083 2641
1405 2744
587 8740
2016 2802
896 3548
4754 2145
1854 2322
4375 8176
3538 5590
121 81
3481 5034
4521 3368
211 8299
2798 8429
281 5670
4124 8716
1813 7501
5548 8850
2117 1763
1324 25
7040 1292
6971 7431
903 7722
1867 404
4725 4964
4300 8917
8277 6046
3054 7607
5922 8898
7009 9270
2443 5904
3357 9223
7656 1906
4598 6003
2720 7286
4275 2721
547 2742
7147 3788
5267 1911
111 4926
1537 2376
2751 4952
401 2168
1706 5019
4064 4254
6275 9049
1135 7957
6604 1174
334 7305
1477 2286
7456 1348
2841 8534
700 2544
2477 2788
5764 1714
8097 5736
7745 2329
4406 6696
2132 2825
2128 2490
1710 2572
6172 8640
1912 3180
2135 8311
2537 1655
6489 7879
4302 7897
8239 828
2473 8340
6918 8725
4263 1369
2643 5532
8288 3122
2295 6625
20 4236
1602 6748
5344 5967
5646 1745
7478 7564
6620 7545
8229 8454
28 7042
6295 5017
8561 313
250 2815
4517 9347
8937 5625
2978 2217
1305 1818
6321 4279
714 3862
7274 1075
1775 5936
1866 7670
8088 5241
4556 8390
1190 3071
2747 364
9279 9329
1872 8895
1618 293
821 3990
6022 1501
5540 2797
3102 8363
1000 1298
3265 4714
3275 1143
720 2008
4020 5782
4825 4759
4208 6079
2010 6309
538 9291
6027 965
5262 70
8828 8895
8655 3578
6927 318
7029 218
5785 3000
1730 1422
3653 1447
2359 4032
6343 1740
760 1048
555 1679
4838 5171
2333 4963
5537 1320
360 7970
8279 3554
9310 7481
1772 2489
5865 631
4744 5906
651 2357
8010 1444
8799 3974
8274 1810
7986 2075
2135 648
8975 1963
6304 682
2595 3238
9241 6953
7040 3147
850 6752
3807 1699
3233 6580
3356 1797
5627 7739
1795 2849
3333 4778
3794 8999
6501 392
3780 3241
2404 9225
8050 7962
4096 6116
7053 8624
5893 2741
4880 7211
6155 1432
6372 5113
6411 5269
6227 4309
3093 7551
3747 4396
2074 7893
3426 237
6286 1118
422 8861
7735 865
698 8821
3568 6898
5254 8616
1975 214
2607 4391
860 2810
2336 2027
7206 8834
4109 4939
424 7018
5082 5569
7450 9358
5509 9319
3458 202
3801 2456
8614 8132
5522 8939
5815 2193
4689 3484
1969 3734
5657 8073
4482 7184
4241 8166
4376 1735
2428 6226
1274 7651
8197 3483
1822 462
9310 7996
3493 8038
458 8563
2803 44
539 4363
7676 5239
2882 1419
3840 1117
7126 4532
8563 1312
543 393
4171 8048
3429 6991
298 1422
5522 3502
3393 3058
1644 6447
2971 6504
4259 8007
296 8841
7585 6064
6475 865
1071 105
3556 5779
1783 4568
603 9302
2495 1115
6320 7166
1649 2443
6758 8274
2800 4897
126 8114
8512 6605
3595 926
4870 3873
9093 3328
3278 2759
9290 1983
4759 5145
9321 469
9347 5884
1359 8210
6310 3366
3814 8826
2566 2829
2267 1211
218 848
6234 4281
5950 6685
2919 1212
636 7278
2652 1407
7945 2944
4928 7221
9039 2040
3953 3131
8955 7206
3719 7808
3085 3575
6513 6222
8586 5406
1475 4596
6752 2164
1385 5811
9072 1290
8141 7511
3212 9233
3956 8961
1437 6650
1331 1033
3781 3295
6005 934
169 8283
1166 8329
1644 1459
3745 4133
5032 8457
5722 5119
7178 4073
653 1031
6528 9329
8298 1381
164 4147
1334 1535
2571 5666
2289 479
1436 5837
8426 2013
7507 5256
1683 463
954 129
1598 61
2177 1909
2385 3431
4219 5308
7848 8505
2541 8808
2183 1513
1639 8470
4511 3441
8444 2071
2593 3921
9229 720
2498 2698
999 4556
8885 7619
8437 6094
4274 3206
2700 105
3046 18
4640 7890
1613 6968
3117 6670
7720 3046
3070 11
2789 3913
3704 3824
2153 4595
588 929
897 1423
3759 9116
3590 6154
2796 1014
4600 1478
1351 9033
687 4585
386 7856
634 646
1592 1616
1173 5808
3825 6647
2120 3659
7439 5674
5998 5174
4620 9055
401 8316
2955 4026
9031 394
4064 7566
7751 8387
8568 7680
3007 3284
1346 7
3171 5354
7207 2637
1438 9249
7207 3491
1935 5601
2788 8140
890 8166
7474 2619
5279 2841
6181 8167
2145 3885
8189 4824
2783 2251
3691 8827
8706 862
2698 5819
5380 1712
7152 5848
4287 8240
1805 1712
4525 5490
2584 8129
6841 6432
8612 271
8429 4071
3945 4154
2394 6618
5672 8027
366 5635
5132 2777
2734 6535
8298 3383
1643 577
4526 8276
6087 6648
3423 1971
697 1287
2687 3575
2096 6903
2163 339
859 632
2333 8172
1698 7801
5071 3041
4429 1165
9369 4359
3518 6081
2437 2101
3099 5637
3764 3340
3583 8291
8630 8107
7723 2434
410 2699
2787 6858
90 129
9316 1895
4356 140
1624 1845
4757 7151
3226 1814
5282 6034
6250 3758
1472 980
355 4035
1820 4128
3273 7554
3694 3964
3259 6678
4114 849
2142 3524
4389 15
6915 5542
687 7779
4334 1648
2399 3638
1547 4009
6701 1179
2083 3666
2305 6726
780 8511
6475 6215
7507 3185
2322 281
5443 9123
333 3553
7886 3347
2344 3988
2400 1974
2205 8312
2878 1297
9089 7092
7153 1640
5632 2950
1305 5216
5883 1636
5112 1251
3684 1238
255 3368
3503 6341
2169 2449
664 3570
4622 7864
8344 5202
7369 2669
7450 8118
5023 8840
2232 7474
2418 4933
385 2246
5088 2803
7597 8587
2825 8793
4462 832
3484 6527
677 2053
3058 302
4252 8587
5682 9182
3528 206
3294 2340
2512 5114
48 4029
5421 2776
597 7455
318 4893
5935 261
6883 2437
372 8365
7375 3536
6771 6400
703 3492
6357 9051
2427 8558
6018 3883
995 2958
7379 7395
3178 3094
1108 3856
8782 3765
3684 349
6977 3731
1358 5673
2368 8219
6847 2682
8027 4167
68 1307
4998 1993
3679 4614
2203 3838
958 7140
8397 2790
1956 3065
8039 2131
7939 6505
6266 1103
2405 361
4711 1997
3256 8535
6099 2839
6064 1523
8109 3312
1947 8052
4898 6301
3623 2414
2889 5295
5072 1307
9191 6328
351 180
3348 7958
6423 731
610 2859
8993 3054
3043 3958
737 2705
1180 4002
7978 7392
1714 2581
7966 5876
311 422
8043 1547
720 5956
5281 1234
4994 96
9256 6927
307 3940
6430 7782
7754 1744
1026 1458
8311 5632
2037 635
2893 4674
6645 6244
3255 9241
156 1989
4565 4525
7643 7734
7507 9249
3006 7597
1252 7003
713 1042
7161 2602
4190 1967
792 3241
5609 191
396 3843
6283 5347
2211 5850
8356 5001
570 3560
2963 3332
2042 30
5139 5623
3963 979
43 2264
2708 6242
5776 4621
833 3369
1056 4323
3643 6743
5928 1337
7625 1294
3929 945
8271 7289
7921 3417
1929 8867
8657 7526
4562 4412
1474 832
498 5379
3308 9088
4028 3904
1981 4454
6813 6802
3500 2954
6646 1135
6559 9190
3734 6345
4451 8774
1268 2656
7858 3346
3150 2844
509 2539
9231 1139
337 1075
9084 814
6191 4867
8447 97
2492 3557
5260 4996
4358 9196
4076 1870
5561 2230
1530 245
8432 3344
2841 3136
3838 9072
6355 6232
9054 9059
2855 354
8168 2268
1220 9041
2457 8496
9230 2958
9206 2518
6140 561
1696 6196
8372 9150
3740 3183
1481 2891
7566 5786
1162 9187
3987 3370
1110 8030
4414 719
4532 1696
6127 7168
1489 5730
371 1196
8101 5156
8012 8663
2225 1650
3223 219
7554 7816
4760 8851
764 2214
7931 8935
2349 5796
4837 8844
6784 2894
3973 7258
4303 3235
1515 1987
3269 5196
3939 6279
6194 7608
6415 8245
6716 3653
7869 2335
7918 119
5545 8979
2970 1293
2082 5571
2443 4847
1253 3421
2274 735
2104 6732
999 2022
9124 3280
1721 4023
3641 9277
8578 397
545 8374
1497 2652
5558 4473
5463 5716
1242 43
8729 8973
6449 2218
1417 2865
119 6
5439 7635
7677 422
6761 7553
4458 1681
2724 4565
8979 410
754 391
3402 4358
3000 716
5349 3255
4974 5406
3870 8976
1368 6991
325 821
7923 9038
6539 9077
3043 2567
2024 8314
4787 4807
3061 8787
9306 707
1917 7142
5147 4463
2709 2983
5723 830
2773 4409
939 6882
9329 3909
3396 6131
5748 2943
1780 7925
4868 1070
2059 7893
4145 3342
1075 694
4798 784
7192 1486
6940 5358
5748 8249
2952 3977
1199 2258
3118 8977
6123 2479
2365 6704
1373 4298
2872 830
8775 6019
963 151
6605 4632
5611 424
814 995
7430 3068
7277 7580
6875 3439
4715 5818
2093 4534
5915 653
2776 3717
8869 6463
7984 3925
2288 312
584 5099
2692 3940
8286 4566
8134 3073
3006 4938
8491 5291
2197 990
3263 6681
8424 449
3396 4232
845 8582
515 2181
3262 7993
1675 8581
7049 3209
5311 3397
3292 2926
3176 5703
787 755
9253 405
2664 8198
4505 7289
6477 5498
4536 1408
4543 4445
7184 9094
2667 8467
88 9179
1832 3605
4254 6502
2039 4806
6655 5150
6731 191
1146 9232
6802 5506
14 8855
2139 1246
5845 8728
3104 1619
3289 367
2795 4787
1904 6015
4501 3160
2523 1617
5496 325
2959 1289
2814 6651
3979 2722
2161 2392
5578 1726
1143 192
4906 4271
3997 7841
5521 620
5683 4833
7507 3479
1854 9319
816 2646
1289 3327
2642 2744
3104 7763
1980 2037
8080 8782
1363 8515
190 963
1249 2023
8372 5909
3201 1036
1909 4687
367 762
7180 4477
7983 2642
5400 7077
2359 658
4957 7835
6314 3957
7161 2490
173 7223
5059 8810
4446 2969
7061 5932
4891 8746
4167 3817
3868 436
4044 1207
640 2324
8049 1583
1704 4572
8224 948
4270 483
6675 3529
2215 2420
2746 8022
439 9234
7440 1813
6418 5281
6112 8409
9261 526
4683 676
3424 4782
4937 6552
1663 6398
2227 4141
6196 3102
5602 3032
8222 5838
364 2961
8828 5588
7971 607
4757 8595
8053 3835
2032 7317
9191 4086
1556 6278
469 822
59 8030
4242 1794
7548 8089
299 3371
7669 2473
7197 6624
1063 5082
1557 6885
8574 3295
4032 3327
5140 4375
2582 252
6577 2076
497 7140
5790 1937
8434 1313
2794 525
2099 505
7586 1270
1809 7049
8018 3201
4515 112
1713 3980
5148 4030
9157 5156
5269 6338
2166 3892
3694 6785
3918 7082
2120 3559
3128 8978
1454 1417
3784 1772
3657 2080
4267 1851
4191 6072
6064 6828
8190 4491
5109 2316
4031 8945
978 7687
7751 9009
462 3627
7826 3960
7833 3263
8498 7417
1950 861
1932 7357
1161 8799
652 1228
4240 5640
7850 7890
2301 6543
1101 3299
5160 3272
3339 770
8876 8427
3401 1169
3839 3459
5008 7174
5422 701
436 9012
669 1107
2364 4063
8962 901
3838 6401
3850 2574
6450 3186
8164 1302
4124 3196
9305 8678
6318 2998
7839 1307
3163 622
1291 6661
6770 1265
4321 1236
6114 3228
6374 3870
2624 2178
528 654
5702 2496
3601 4630
5891 8356
3880 462
1109 6042
784 262
4840 8565
7185 36
4455 6251
9353 5782
8637 1416
8982 2989
2453 8393
1845 6698
703 4957
7141 8159
3850 2383
3074 3684
5443 9235
8751 4918
9049 8905
4283 5405
7646 3239
8527 593
437 2766
6129 1509
8991 1517
2033 5103
9119 311
2041 1046
2083 4070
743 5894
1007 4868
1152 4381
7123 3137
1606 7319
8023 8688
6167 7883
7582 3132
916 4503
3401 7593
1902 7195
4218 7050
5283 7748
4004 6255
2353 523
5616 2559
6363 640
5131 3741
870 755
1796 8452
236 1340
1875 2133
1587 8989
238 7700
3321 5269
7478 5118
1619 6710
7574 6948
9227 7369
2891 6557
6961 8121
8378 1039
8554 5058
5686 2118
4234 8770
6464 8049
5459 434
4313 9319
3642 8559
7455 9341
3283 1831
7067 7699
9308 1441
7038 1732
1396 1550
8036 4776
5114 6726
5338 2335
2811 4587
2113 7587
8026 1116
8109 5980
899 214
6031 7910
5863 5303
2187 7188
8992 8274
6430 4142
273 5550
2718 8148
3652 2909
7948 4312
4115 5905
8447 2107
311 9192
3606 8928
8219 548
1095 3656
9145 2170
2843 8283
5936 5846
7135 7435
1846 2307
937 1958
643 3608
2100 3003
6762 6332
5747 8400
1190 80
9013 2856
4526 1727
978 4027
4828 5084
1509 4807
7786 8705
426 6642
627 6203
5605 9001
7172 4807
5199 8273
2968 2447
6152 2717
7686 3093
181 1468
2244 864
5726 4660
1624 3471
9031 207
6437 6871
4688 5776
8633 4492
4835 3664
125 926
2403 3637
333 55
5962 2140
3730 2807
9324 7274
5060 8775
4719 551
2881 4618
134 4953
7690 4180
793 4406
2065 1341
3973 699
6411 8214
8488 4605
4539 6941
5086 8691
511 1708
4576 4596
8093 4188
4067 4746
8458 7432
4851 3763
7608 1723
1166 8233
7491 3684
5939 4758
3639 1223
303 4352
2152 6482
