25 200
5 19
25 16
5 23
8 21
6 19
20 16
7 8
6 25
25 7
6 8
19 22
9 13
18 7
22 3
11 8
8 16
5 3
5 16
1 18
4 3
2 20
1 6
12 3
19 25
6 9
25 24
14 20
10 20
2 13
24 6
2 18
14 22
6 16
9 25
19 24
14 23
20 25
8 4
6 4
17 2
11 2
15 8
5 2
21 5
3 8
13 17
14 3
24 11
9 16
2 14
3 20
22 18
12 14
5 10
10 7
17 11
10 16
13 8
17 21
4 20
12 25
19 10
8 20
24 15
12 11
5 15
7 5
20 17
21 3
24 7
17 19
4 16
6 23
17 18
1 16
15 13
1 3
17 23
13 11
4 7
6 18
14 6
15 1
23 3
13 6
23 1
15 23
24 22
22 6
9 2
9 15
10 25
19 8
8 18
5 20
22 8
22 15
17 3
10 9
3 18
9 17
12 20
22 4
9 22
24 21
7 21
11 10
1 21
11 3
1 4
24 2
8 5
21 4
9 24
19 15
2 12
11 1
11 20
24 12
5 13
5 1
20 22
11 4
22 16
20 9
22 2
6 21
11 19
24 23
11 18
12 13
4 23
19 23
3 16
19 13
19 16
24 5
14 19
23 13
15 10
13 22
6 15
3 9
5 25
12 17
18 20
9 1
1 17
21 2
12 6
19 12
25 4
1 24
11 22
11 23
21 18
13 1
14 9
16 17
10 21
5 11
13 3
1 12
20 6
7 3
16 13
15 3
11 25
2 6
14 18
11 21
21 9
16 7
19 18
8 9
13 20
19 9
5 6
16 24
5 4
1 20
7 23
12 15
25 2
18 24
25 22
12 7
16 18
10 18
10 6
21 14
5 9
16 12
17 7
23 18
17 4
8 12
21 15
13 4
4 18
